0 0.417188 0.65625 0.7875 0.6875 0.467887 0.621817 0.512699 0.56866 0.426363 0.54521 0.551702 0.60859 0.342567 0.56074 0.653628 0.929275 0.170301 0.954221 0.732316 1 0.105633 1 0.674981 1 0.257113 1 0.581765 1 0.304622 1 0.507104 0.916906 0.363124 0.980025 0.382221 1 0.376388 1
0 0.413281 0.653125 0.776563 0.69375 0.46229 0.626599 0.51036 0.573648 0.422211 0.548378 0.553235 0.609682 0.340731 0.556629 0.647415 0.940403 0.171444 0.955419 0.72345 1 0.111583 1 0.649448 1 0.262906 1 0.567575 1 0.296961 1 0.496782 0.919362 0.381838 0.983289 0.38828 1 0.378578 1
0 0.414844 0.653125 0.779688 0.69375 0.462634 0.626599 0.510958 0.573631 0.422768 0.548026 0.554108 0.61018 0.34182 0.556427 0.651512 0.931941 0.172544 0.952531 0.724944 1 0.104197 1 0.650788 1 0.254739 1 0.584338 1 0.31149 1 0.499978 0.914055 0.375025 0.978938 0.382518 1 0.380152 1
0 0.417188 0.651042 0.775 0.697917 0.463368 0.627679 0.511333 0.572638 0.422896 0.547836 0.554394 0.608188 0.341821 0.556216 0.651411 0.935061 0.17332 0.95632 0.725719 1 0.111702 1 0.65082 1 0.270207 1 0.582441 1 0.310211 1 0.505244 0.913943 0.378425 0.980482 0.38354 1 0.387498 1
0 0.416406 0.652083 0.779688 0.695833 0.464358 0.627231 0.512426 0.573487 0.423567 0.549125 0.555938 0.607464 0.341579 0.556336 0.650355 0.935488 0.172862 0.954773 0.723881 1 0.112561 1 0.657368 1 0.266589 1 0.57401 1 0.302333 1 0.498686 0.915168 0.38326 0.983618 0.38689 1 0.375779 1
0 0.411719 0.653125 0.779688 0.69375 0.465082 0.626615 0.513126 0.572986 0.424773 0.547362 0.555434 0.610218 0.342562 0.556623 0.650556 0.933396 0.171793 0.954599 0.71835 1 0.10506 1 0.632065 1 0.262454 1 0.583761 1 0.310538 1 0.500819 0.911978 0.373288 0.982041 0.380771 1 0.383704 1
0 0.4125 0.652083 0.775 0.695833 0.466688 0.624958 0.513874 0.571479 0.426125 0.546668 0.555182 0.610288 0.343974 0.55877 0.65359 0.935542 0.175073 0.953721 0.724903 1 0.114929 1 0.645761 1 0.266028 1 0.582186 1 0.308283 1 0.50261 0.91298 0.368422 0.977018 0.382529 1 0.381297 1
0 0.414844 0.652083 0.776563 0.695833 0.467175 0.626126 0.514786 0.571734 0.426891 0.546564 0.556411 0.609665 0.345074 0.556887 0.652017 0.933854 0.175283 0.955015 0.725053 1 0.112565 1 0.652262 1 0.267175 1 0.585314 1 0.313378 1 0.505554 0.910027 0.37405 0.980178 0.383536 1 0.389485 1
0 0.413281 0.652083 0.776563 0.695833 0.468088 0.626136 0.515179 0.572511 0.427684 0.547495 0.55634 0.610905 0.345691 0.558889 0.653891 0.930762 0.175933 0.952882 0.719413 1 0.115285 1 0.637577 1 0.265102 1 0.587629 1 0.313941 1 0.505248 0.910099 0.371723 0.975638 0.380678 1 0.387467 1
0 0.413281 0.653125 0.773438 0.69375 0.468705 0.625367 0.515618 0.572479 0.428282 0.547179 0.556408 0.611013 0.345769 0.558299 0.652554 0.937634 0.173962 0.952788 0.717787 1 0.114133 1 0.629882 1 0.270248 1 0.578136 1 0.304253 1 0.502471 0.912275 0.375288 0.976033 0.386076 1 0.386976 1
0 0.417969 0.652083 0.779688 0.695833 0.469394 0.626552 0.516122 0.572719 0.42917 0.548095 0.556588 0.61063 0.347133 0.559277 0.652673 0.933874 0.175156 0.952449 0.71816 1 0.113135 1 0.63099 1 0.26517 1 0.58053 1 0.30749 1 0.502041 0.90758 0.36945 0.977553 0.376794 1 0.38632 1
0 0.422656 0.653125 0.779688 0.69375 0.470609 0.629634 0.517105 0.575928 0.430557 0.550211 0.557242 0.609861 0.347407 0.556432 0.654047 0.929383 0.179004 0.953534 0.722892 1 0.121185 1 0.64383 1 0.276324 1 0.592826 1 0.321369 1 0.505612 0.913137 0.37906 0.982538 0.382702 1 0.385044 1
0 0.417188 0.654167 0.775 0.691667 0.470464 0.633239 0.517209 0.580311 0.430801 0.554671 0.557923 0.61163 0.347515 0.557834 0.654031 0.931529 0.175093 0.952219 0.720249 1 0.113506 1 0.633784 1 0.273184 1 0.588183 1 0.314465 1 0.503987 0.911817 0.38369 0.982391 0.387189 1 0.3798 1
0 0.414844 0.653125 0.770312 0.69375 0.471641 0.634704 0.517751 0.581327 0.431825 0.556764 0.55797 0.612937 0.348999 0.561461 0.654938 0.934346 0.17509 0.954235 0.722548 1 0.114483 1 0.641532 1 0.27526 1 0.583973 1 0.30946 1 0.505803 0.909895 0.380379 0.98183 0.38652 1 0.37945 1
0 0.414062 0.653125 0.775 0.69375 0.471175 0.637379 0.517998 0.583567 0.431539 0.558321 0.558659 0.613346 0.348321 0.560268 0.6535 0.938628 0.174701 0.95496 0.720142 1 0.116424 1 0.633235 1 0.270496 1 0.576765 1 0.304185 1 0.499963 0.915485 0.385483 0.984141 0.383059 1 0.381233 1
0 0.419531 0.653125 0.767187 0.69375 0.471756 0.636943 0.518556 0.584327 0.431842 0.559644 0.560436 0.612956 0.348806 0.561084 0.652221 0.933551 0.179904 0.95061 0.713951 1 0.11548 1 0.623414 1 0.268115 1 0.580775 1 0.311288 1 0.49971 0.912047 0.388011 0.981263 0.391834 1 0.37049 1
0 0.417188 0.655208 0.76875 0.689583 0.472789 0.638057 0.519727 0.585451 0.433229 0.560226 0.560983 0.614089 0.349765 0.560785 0.652397 0.932239 0.178031 0.952621 0.719798 1 0.116588 1 0.639349 1 0.276179 1 0.581147 1 0.310938 1 0.500704 0.910875 0.389019 0.984138 0.389893 1 0.37332 1
0 0.4125 0.65625 0.75625 0.6875 0.474003 0.637197 0.519638 0.585254 0.432489 0.562901 0.561599 0.612484 0.347463 0.56685 0.66338 0.936279 0.190835 0.935973 0.714369 1 0.130011 1 0.637387 1 0.270791 0.980256 0.596773 1 0.325104 1 0.525781 0.933546 0.42232 0.975619 0.446255 1 0.405267 1
0 0.41875 0.654167 0.778125 0.691667 0.473504 0.64002 0.520502 0.586513 0.433779 0.560551 0.561113 0.61532 0.349465 0.560387 0.653406 0.93217 0.177254 0.950398 0.718757 1 0.114506 1 0.636759 1 0.270278 1 0.586628 1 0.315104 1 0.502691 0.913249 0.385253 0.984328 0.386685 1 0.381177 1
0 0.421094 0.653125 0.760938 0.69375 0.474773 0.640307 0.521159 0.586933 0.434788 0.561501 0.561552 0.613706 0.349994 0.560025 0.652582 0.933607 0.180777 0.94992 0.716619 1 0.120682 1 0.637006 1 0.278549 1 0.584107 1 0.315077 1 0.499774 0.918938 0.387647 0.987884 0.390274 1 0.373399 1
0 0.416406 0.653125 0.776563 0.69375 0.475772 0.639707 0.521505 0.585628 0.435407 0.560823 0.560788 0.613303 0.349527 0.561133 0.652222 0.935363 0.176091 0.95361 0.72092 1 0.114613 1 0.643812 1 0.270473 1 0.57914 1 0.308349 1 0.50325 0.917518 0.388822 0.989928 0.389145 1 0.378984 1
0 0.417969 0.653125 0.773438 0.69375 0.475643 0.639733 0.521335 0.585704 0.435554 0.560472 0.560213 0.614373 0.349893 0.561511 0.654297 0.927665 0.177813 0.951047 0.721935 1 0.116672 1 0.63652 1 0.27452 1 0.592117 1 0.319845 1 0.506892 0.912042 0.380964 0.987074 0.384616 1 0.381575 1
0 0.421875 0.652083 0.775 0.695833 0.475391 0.640071 0.520908 0.58524 0.435126 0.560346 0.559461 0.613621 0.349198 0.561246 0.652661 0.932447 0.175953 0.952838 0.725866 1 0.113602 1 0.6516 1 0.270562 1 0.58554 1 0.314195 1 0.506949 0.914567 0.38298 0.988999 0.387051 1 0.385115 1
0 0.417969 0.653125 0.764063 0.69375 0.475365 0.639776 0.520552 0.58453 0.434685 0.560651 0.559313 0.612032 0.34889 0.562215 0.652777 0.934343 0.177946 0.954693 0.719523 1 0.119807 1 0.642647 1 0.275024 1 0.5826 1 0.312216 1 0.505228 0.91648 0.386679 0.98696 0.385957 1 0.382766 1
0 0.417188 0.653125 0.778125 0.69375 0.475391 0.638432 0.520338 0.582965 0.434442 0.559627 0.559233 0.609423 0.348039 0.560974 0.65542 0.92511 0.177248 0.9507 0.717975 1 0.113387 1 0.632354 1 0.26337 1 0.595004 1 0.321651 1 0.508659 0.907441 0.382329 0.98206 0.38228 1 0.377061 1
0 0.425 0.653125 0.784375 0.69375 0.476801 0.643627 0.520714 0.583882 0.431888 0.561119 0.559562 0.608961 0.342609 0.566275 0.645748 0.930202 0.188839 0.936756 0.720906 1 0.137376 1 0.626858 1 0.275141 1 0.567507 1 0.301688 1 0.524187 0.90273 0.379099 0.969038 0.425742 1 0.407462 1
0 0.414844 0.653125 0.782812 0.69375 0.476056 0.638125 0.519782 0.581391 0.433788 0.560467 0.558382 0.607762 0.346817 0.564788 0.653466 0.93237 0.176214 0.956415 0.722338 1 0.1068 1 0.646952 1 0.267977 1 0.583669 1 0.312369 1 0.507004 0.914211 0.384228 0.990163 0.385149 1 0.376939 1
0 0.4125 0.653125 0.778125 0.69375 0.473662 0.636376 0.517353 0.579612 0.430555 0.55948 0.556723 0.607653 0.343965 0.566628 0.65437 0.931522 0.174562 0.952571 0.718224 1 0.10563 1 0.63992 1 0.264717 1 0.582405 1 0.308079 1 0.509195 0.914597 0.376662 0.983297 0.385766 1 0.37482 1
0 0.417969 0.653125 0.770312 0.69375 0.472408 0.636779 0.516309 0.579225 0.428917 0.559722 0.556418 0.604279 0.34206 0.564581 0.65219 0.931147 0.177797 0.951872 0.714574 1 0.118917 1 0.629338 1 0.278867 1 0.577224 1 0.306708 1 0.506941 0.919723 0.388776 0.982191 0.390448 1 0.378801 1
0 0.41875 0.654167 0.775 0.691667 0.471724 0.638189 0.515541 0.57971 0.428399 0.560103 0.555324 0.604225 0.341434 0.564269 0.651792 0.931657 0.175272 0.956385 0.720822 1 0.114734 1 0.645761 1 0.275013 1 0.580054 1 0.308715 1 0.510572 0.918747 0.387376 0.988379 0.388963 1 0.378605 1
0 0.414844 0.655208 0.773438 0.689583 0.471098 0.638933 0.514949 0.579189 0.426745 0.560665 0.555429 0.602642 0.339198 0.565114 0.652273 0.935658 0.173143 0.956813 0.718457 1 0.111086 1 0.649856 1 0.271073 1 0.574223 1 0.301354 1 0.508923 0.921734 0.384748 0.986447 0.388547 1 0.374082 1
0 0.416406 0.652083 0.770312 0.695833 0.469558 0.636797 0.51383 0.579616 0.42569 0.560506 0.555187 0.604216 0.33912 0.56576 0.651491 0.931738 0.17589 0.953459 0.715226 1 0.112892 1 0.62535 1 0.268811 1 0.574254 1 0.303463 1 0.505002 0.918394 0.390159 0.981972 0.39007 1 0.372108 1
0 0.417188 0.653125 0.784375 0.69375 0.469672 0.637589 0.513618 0.579125 0.425557 0.560181 0.554138 0.606181 0.338872 0.568091 0.652312 0.929498 0.17452 0.956068 0.721802 1 0.108321 1 0.646833 1 0.269975 1 0.582497 1 0.309826 1 0.511506 0.916095 0.378422 0.983551 0.386142 1 0.376743 1
0 0.417188 0.653125 0.78125 0.69375 0.468062 0.636264 0.512533 0.578681 0.423913 0.559682 0.553793 0.606645 0.337559 0.568419 0.649917 0.93476 0.173685 0.956396 0.716694 1 0.109774 1 0.637459 1 0.26738 1 0.571251 1 0.299742 1 0.505122 0.91887 0.381133 0.982882 0.387663 1 0.37261 1
0 0.413281 0.654167 0.767187 0.691667 0.467019 0.637134 0.511401 0.579093 0.423112 0.559913 0.552617 0.606111 0.337572 0.567509 0.651701 0.937954 0.173273 0.954956 0.715278 1 0.111835 1 0.626715 1 0.266867 1 0.571431 1 0.298349 1 0.505706 0.9221 0.380148 0.981347 0.387192 1 0.377755 1
0 0.414844 0.652083 0.760938 0.695833 0.466908 0.636479 0.510574 0.578414 0.422836 0.560153 0.55196 0.603328 0.337519 0.566875 0.652534 0.934617 0.175847 0.954563 0.714485 1 0.116176 1 0.627176 1 0.278159 1 0.576131 1 0.303891 1 0.506933 0.920913 0.386373 0.978429 0.391155 1 0.375346 1
0 0.417188 0.652083 0.771875 0.695833 0.465724 0.636551 0.510063 0.57793 0.421764 0.559233 0.551821 0.602334 0.336215 0.564665 0.652857 0.931301 0.173322 0.952785 0.716364 1 0.115451 1 0.6283 1 0.274804 1 0.577986 1 0.30324 1 0.510486 0.921746 0.381411 0.9789 0.391383 1 0.374224 1
0 0.409375 0.653125 0.76875 0.69375 0.464707 0.635084 0.509276 0.578601 0.420727 0.559932 0.551564 0.60632 0.335849 0.568815 0.64997 0.936823 0.174129 0.952265 0.713504 1 0.11088 1 0.628734 1 0.265567 1 0.568292 1 0.295794 1 0.504179 0.921084 0.380324 0.977472 0.395509 1 0.367207 1
0 0.414844 0.653125 0.770312 0.69375 0.463572 0.633819 0.508298 0.576868 0.4198 0.558808 0.551384 0.604614 0.33633 0.568069 0.64766 0.937888 0.174664 0.955181 0.710624 1 0.115163 1 0.6258 1 0.27905 1 0.562847 1 0.292321 1 0.503042 0.919065 0.382909 0.979531 0.394098 1 0.366735 1
0 0.4125 0.653125 0.771875 0.69375 0.462656 0.631508 0.507126 0.575286 0.418953 0.557708 0.55073 0.602944 0.336074 0.56756 0.651472 0.937298 0.172251 0.957582 0.716173 1 0.105142 1 0.630378 1 0.272164 1 0.571185 1 0.297835 1 0.505115 0.917415 0.389553 0.982168 0.396323 1 0.368693 1
0 0.416406 0.653125 0.773438 0.69375 0.461021 0.629616 0.506235 0.575148 0.417402 0.557117 0.550835 0.60547 0.335248 0.56932 0.651253 0.931089 0.177322 0.954324 0.715036 1 0.11022 1 0.631077 1 0.266599 1 0.578859 1 0.307528 1 0.503375 0.918996 0.385209 0.982876 0.397052 1 0.36272 1
0 0.414062 0.653125 0.765625 0.69375 0.459911 0.62758 0.505231 0.574068 0.416932 0.556217 0.549896 0.605804 0.336131 0.569863 0.649821 0.936163 0.175288 0.955355 0.712298 1 0.110616 1 0.62299 1 0.267825 1 0.56637 1 0.294684 1 0.498239 0.918246 0.384313 0.981072 0.394652 1 0.359688 1
0 0.41875 0.653125 0.753125 0.69375 0.459593 0.627015 0.504859 0.572697 0.416239 0.555804 0.550288 0.603773 0.336319 0.57003 0.653168 0.931922 0.179469 0.954598 0.714386 1 0.119854 1 0.627169 1 0.278215 1 0.575237 1 0.303957 1 0.502105 0.916245 0.389193 0.977212 0.396482 1 0.368901 1
0 0.410156 0.653125 0.764063 0.69375 0.459203 0.626312 0.504104 0.571149 0.415405 0.555428 0.550198 0.601248 0.336322 0.569664 0.651028 0.940062 0.178622 0.954834 0.710755 1 0.109505 1 0.629134 1 0.26701 1 0.564118 1 0.294921 1 0.49808 0.923309 0.391618 0.980905 0.39771 1 0.366436 1
0 0.417969 0.653125 0.770312 0.69375 0.457702 0.627007 0.503195 0.570747 0.41463 0.553774 0.548467 0.604411 0.336244 0.569874 0.650533 0.937831 0.176976 0.956009 0.715986 1 0.114457 1 0.633639 1 0.281192 1 0.569579 1 0.298651 1 0.505922 0.918177 0.380236 0.9773 0.391715 1 0.378906 1
0 0.417188 0.654167 0.76875 0.691667 0.456379 0.625144 0.501798 0.569044 0.413112 0.552861 0.547236 0.607115 0.335838 0.574203 0.651004 0.938071 0.176991 0.954945 0.712763 1 0.115186 1 0.625534 1 0.277603 1 0.568966 1 0.297147 1 0.507408 0.913196 0.374465 0.968486 0.389144 1 0.38606 1
0 0.417188 0.654167 0.759375 0.691667 0.455744 0.623538 0.501055 0.567181 0.41231 0.551241 0.546367 0.606898 0.335344 0.574682 0.651172 0.940772 0.179869 0.955285 0.708635 1 0.117241 1 0.616137 1 0.276303 1 0.572081 1 0.301439 1 0.50404 0.919718 0.369424 0.969972 0.387418 1 0.387433 1
0 0.414062 0.653125 0.765625 0.69375 0.454817 0.622525 0.500436 0.566566 0.410874 0.551628 0.547249 0.605233 0.333905 0.57492 0.649421 0.945575 0.177501 0.958594 0.708673 1 0.113157 1 0.623023 1 0.277432 1 0.562593 1 0.292595 1 0.502566 0.921254 0.381458 0.975974 0.394755 1 0.382055 1
0 0.415625 0.653125 0.778125 0.69375 0.452728 0.623444 0.499403 0.566859 0.40948 0.551432 0.547246 0.606076 0.333984 0.574347 0.650288 0.940106 0.17837 0.958451 0.714662 1 0.117161 1 0.630098 1 0.281057 1 0.566779 1 0.29653 1 0.506788 0.919264 0.377272 0.971387 0.391024 1 0.385765 1
0 0.417969 0.652083 0.757812 0.695833 0.452082 0.622723 0.498009 0.566174 0.409229 0.551272 0.544879 0.607443 0.335019 0.576624 0.652246 0.942413 0.177457 0.955807 0.714218 1 0.113416 1 0.637456 1 0.274536 0.997048 0.570835 1 0.297915 1 0.509989 0.919411 0.370601 0.968953 0.391384 1 0.391618 1
0 0.415625 0.652083 0.765625 0.695833 0.451826 0.621517 0.4977 0.565463 0.408526 0.550623 0.5449 0.605276 0.333281 0.57504 0.651673 0.937917 0.177109 0.956208 0.714029 1 0.113621 1 0.630435 1 0.273414 1 0.571155 1 0.298583 1 0.507459 0.916728 0.373031 0.968813 0.390561 1 0.382979 1
0 0.414062 0.652083 0.778125 0.695833 0.450899 0.619672 0.497106 0.564826 0.408125 0.549648 0.544691 0.606411 0.333329 0.575021 0.648102 0.940552 0.175989 0.957689 0.713924 1 0.105046 1 0.63561 1 0.266815 1 0.56583 1 0.295398 1 0.503472 0.918337 0.373107 0.972514 0.39282 1 0.376884 1
0 0.414844 0.653125 0.757812 0.69375 0.449587 0.619368 0.496055 0.563163 0.406862 0.54766 0.543209 0.606681 0.332644 0.57477 0.651371 0.937213 0.178291 0.954609 0.711091 1 0.118207 1 0.624954 1 0.271432 1 0.576793 1 0.303905 1 0.509599 0.915076 0.36447 0.962509 0.388937 1 0.389269 1
0 0.414844 0.653125 0.767187 0.69375 0.449628 0.618842 0.495608 0.561633 0.406704 0.547475 0.542485 0.606121 0.3331 0.576657 0.65005 0.945832 0.176451 0.956454 0.709403 1 0.1152 1 0.617784 1 0.273857 1 0.564002 1 0.291803 1 0.505154 0.920894 0.363696 0.965215 0.384707 1 0.394846 1
0 0.415625 0.652083 0.76875 0.695833 0.449272 0.615615 0.494894 0.561066 0.405597 0.547417 0.542905 0.604919 0.33105 0.57716 0.651146 0.941882 0.176643 0.958955 0.712257 1 0.112169 1 0.632378 1 0.274388 1 0.569662 1 0.297234 1 0.503188 0.916537 0.376379 0.966894 0.394703 1 0.379301 1
0 0.414062 0.652083 0.765625 0.695833 0.449195 0.614067 0.494657 0.560075 0.405038 0.547311 0.542584 0.606455 0.330462 0.58079 0.650335 0.941154 0.178823 0.95949 0.714636 1 0.11393 1 0.633859 1 0.275395 1 0.568919 1 0.29885 1 0.502648 0.916613 0.378573 0.967192 0.393457 1 0.383684 1
0 0.414062 0.652083 0.759375 0.695833 0.450128 0.61408 0.495013 0.558833 0.405562 0.546599 0.542333 0.603663 0.330269 0.579403 0.650537 0.940513 0.178003 0.958303 0.711256 1 0.114158 1 0.62513 1 0.275295 1 0.567155 1 0.29567 1 0.503488 0.915321 0.373375 0.964423 0.393207 1 0.38088 1
0 0.410937 0.652083 0.753125 0.695833 0.450552 0.612683 0.495243 0.558085 0.406629 0.544693 0.541921 0.601608 0.331234 0.574987 0.651532 0.940285 0.176086 0.959114 0.707477 1 0.113569 1 0.616885 1 0.275565 1 0.570872 1 0.297443 1 0.502386 0.916965 0.376339 0.967195 0.39353 1 0.379901 1
0 0.407031 0.652083 0.767187 0.695833 0.451822 0.609759 0.496745 0.557435 0.408038 0.542729 0.542612 0.605764 0.331413 0.576582 0.651153 0.943472 0.174798 0.963343 0.711829 1 0.11178 1 0.624237 1 0.274697 1 0.570455 1 0.297308 1 0.499419 0.918061 0.37986 0.970382 0.39291 1 0.380227 1
0 0.407031 0.652083 0.767187 0.695833 0.452971 0.610268 0.497635 0.557265 0.408498 0.542965 0.543659 0.604992 0.33128 0.576967 0.652589 0.941246 0.175458 0.962043 0.709506 1 0.106145 1 0.624129 1 0.268198 1 0.576194 1 0.302329 1 0.50037 0.915187 0.375309 0.967986 0.390532 1 0.376587 1
0 0.408594 0.653125 0.767187 0.69375 0.453914 0.610908 0.498171 0.558091 0.409116 0.54445 0.543631 0.605174 0.331025 0.578446 0.649789 0.943973 0.173716 0.960988 0.707239 1 0.104929 1 0.616782 1 0.272078 1 0.565711 1 0.292733 1 0.499231 0.916438 0.379067 0.971001 0.393751 1 0.377678 1
0 0.40625 0.653125 0.765625 0.69375 0.453921 0.613157 0.498246 0.558228 0.409757 0.544757 0.543732 0.603104 0.333361 0.576765 0.654338 0.938001 0.176445 0.959683 0.708001 1 0.110001 1 0.611712 1 0.270508 1 0.577899 1 0.30288 1 0.506266 0.914198 0.373031 0.967616 0.387983 1 0.385344 1
0 0.414062 0.653125 0.765625 0.69375 0.455015 0.612134 0.499487 0.558302 0.410541 0.543513 0.544195 0.606753 0.332562 0.577872 0.652058 0.936427 0.177672 0.962151 0.713498 1 0.113412 1 0.623253 1 0.279434 1 0.580847 1 0.30824 1 0.508399 0.911793 0.373429 0.966976 0.389448 1 0.386908 1
0 0.411719 0.653125 0.757812 0.69375 0.455318 0.611811 0.500112 0.557501 0.410825 0.54323 0.545484 0.605144 0.333555 0.577164 0.653407 0.938061 0.17832 0.960812 0.712841 1 0.114098 1 0.627159 1 0.271002 1 0.577866 1 0.305351 1 0.506832 0.911506 0.377495 0.966078 0.390127 1 0.391176 1
0 0.414062 0.652083 0.76875 0.695833 0.455478 0.612693 0.500517 0.557667 0.411002 0.543431 0.546143 0.603731 0.333604 0.575301 0.6534 0.944494 0.174772 0.959889 0.712724 1 0.109809 1 0.630421 1 0.265458 1 0.568093 1 0.293433 1 0.503287 0.915254 0.372643 0.968998 0.389903 1 0.383415 1
0 0.409375 0.652083 0.7625 0.695833 0.455958 0.611545 0.501095 0.558192 0.41108 0.54366 0.547075 0.606209 0.333149 0.577405 0.65111 0.944945 0.178913 0.959823 0.708384 1 0.114934 1 0.625636 1 0.271765 1 0.566828 1 0.296284 1 0.499282 0.91865 0.378926 0.968865 0.393474 1 0.381291 1
0 0.407813 0.652083 0.759375 0.695833 0.456867 0.611879 0.50143 0.558282 0.412232 0.543449 0.546582 0.604384 0.333839 0.575427 0.653527 0.941338 0.179263 0.960403 0.709615 1 0.116927 1 0.609655 1 0.279544 1 0.575554 1 0.303654 1 0.501875 0.913567 0.380588 0.968402 0.39053 1 0.384036 1
0 0.410937 0.652083 0.771875 0.695833 0.456826 0.613175 0.502221 0.558868 0.41267 0.542951 0.547183 0.60654 0.334283 0.574666 0.652743 0.943398 0.17467 0.962016 0.712947 1 0.109682 1 0.629756 1 0.270577 1 0.574349 1 0.30024 1 0.505105 0.913159 0.375427 0.970365 0.390754 1 0.389155 1
0 0.408594 0.652083 0.767187 0.695833 0.457002 0.611746 0.502178 0.559188 0.412817 0.543646 0.547775 0.607223 0.335011 0.575874 0.652176 0.950099 0.177209 0.960733 0.713149 1 0.113252 1 0.638872 1 0.273365 1 0.564099 1 0.292343 1 0.498445 0.92054 0.380785 0.969825 0.397803 1 0.380596 1
0 0.407813 0.652083 0.765625 0.695833 0.456616 0.612659 0.502377 0.560023 0.413121 0.54313 0.54778 0.608854 0.335672 0.574886 0.655173 0.936969 0.177599 0.956542 0.709484 1 0.112623 1 0.616869 1 0.268789 1 0.583626 1 0.308393 1 0.503993 0.911348 0.368621 0.966472 0.38632 1 0.383759 1
0 0.417969 0.652083 0.767187 0.695833 0.457505 0.613463 0.502899 0.560006 0.41325 0.543991 0.54861 0.606462 0.335261 0.574403 0.652423 0.942207 0.181407 0.958278 0.71414 1 0.116263 1 0.638369 1 0.27576 1 0.575644 1 0.305586 1 0.503023 0.916405 0.376448 0.969861 0.395304 1 0.380792 1
0 0.4125 0.652083 0.775 0.695833 0.458129 0.614241 0.503353 0.560905 0.414508 0.544566 0.54842 0.606579 0.336894 0.57405 0.656022 0.933335 0.179741 0.955747 0.712118 1 0.107623 1 0.625234 1 0.258891 1 0.58984 1 0.316168 1 0.50642 0.90853 0.372742 0.969608 0.38625 1 0.383978 1
0 0.414062 0.653125 0.7625 0.69375 0.458496 0.614695 0.503383 0.561006 0.414625 0.544953 0.547701 0.608934 0.336829 0.576977 0.654019 0.940239 0.180022 0.959441 0.709409 1 0.116365 1 0.627098 1 0.271122 1 0.580201 1 0.307726 1 0.504692 0.914337 0.371025 0.968454 0.387177 1 0.388647 1
0 0.410156 0.652083 0.760938 0.695833 0.458733 0.614922 0.50365 0.560858 0.415186 0.544578 0.548375 0.60647 0.337694 0.573689 0.653635 0.941273 0.17855 0.957179 0.706159 1 0.111792 1 0.617063 1 0.273832 1 0.577811 1 0.304127 1 0.503461 0.91061 0.366481 0.96799 0.386227 1 0.378032 1
0 0.416406 0.652083 0.764063 0.695833 0.458699 0.6152 0.503926 0.562216 0.415642 0.545027 0.548707 0.607176 0.337983 0.572643 0.654776 0.936852 0.179099 0.959691 0.710804 1 0.11681 1 0.62478 1 0.2793 1 0.584597 1 0.311163 1 0.504339 0.908729 0.376134 0.971543 0.387545 1 0.381104 1
0 0.414062 0.653125 0.75 0.69375 0.458906 0.61611 0.504073 0.562834 0.415824 0.546324 0.549046 0.605736 0.338379 0.572575 0.654091 0.936459 0.181324 0.954289 0.710277 1 0.117851 1 0.6148 1 0.275038 1 0.577527 1 0.305316 1 0.502367 0.911458 0.370946 0.968808 0.389627 1 0.374604 1
0 0.411719 0.652083 0.767187 0.695833 0.458291 0.616327 0.503968 0.562676 0.415101 0.545135 0.548463 0.610187 0.337242 0.574571 0.652106 0.941137 0.17812 0.959381 0.709915 1 0.115573 1 0.624707 1 0.275975 1 0.578414 1 0.305661 1 0.504785 0.911934 0.367568 0.971018 0.386523 1 0.384924 1
0 0.410156 0.652083 0.764063 0.695833 0.458815 0.617249 0.50422 0.562917 0.415231 0.545878 0.549419 0.606529 0.337272 0.57242 0.654668 0.937997 0.181251 0.957272 0.707708 1 0.115961 1 0.61532 1 0.275019 1 0.58464 1 0.31242 1 0.504886 0.914003 0.371997 0.969662 0.387615 1 0.382538 1
0 0.414844 0.653125 0.754687 0.69375 0.458372 0.616799 0.504098 0.562643 0.415255 0.545327 0.549455 0.606229 0.3382 0.571213 0.655656 0.9396 0.18089 0.957993 0.712224 1 0.122981 1 0.626774 1 0.284595 1 0.581343 1 0.308555 1 0.503915 0.913025 0.375016 0.969237 0.386723 1 0.385066 1
0 0.410937 0.651042 0.7625 0.697917 0.458072 0.61776 0.504021 0.56288 0.414755 0.545947 0.549314 0.607564 0.337317 0.573012 0.653534 0.946256 0.177232 0.958636 0.709187 1 0.111781 1 0.622069 1 0.270611 1 0.572616 1 0.299518 1 0.50153 0.916954 0.37136 0.971454 0.386686 1 0.38796 1
0 0.409375 0.652083 0.7625 0.695833 0.458218 0.61713 0.503762 0.562616 0.415158 0.545238 0.548749 0.606707 0.337773 0.571828 0.656754 0.938416 0.179023 0.960763 0.709086 1 0.115837 1 0.613848 1 0.276587 1 0.589216 1 0.314195 1 0.506217 0.912148 0.370917 0.971216 0.382811 1 0.384494 1
0 0.40625 0.651042 0.759375 0.697917 0.458164 0.617006 0.503984 0.562192 0.414508 0.545419 0.549275 0.607257 0.336646 0.573285 0.655201 0.947737 0.176077 0.960583 0.704699 1 0.11785 1 0.612989 1 0.272813 1 0.572746 1 0.297596 1 0.501563 0.916877 0.375213 0.969491 0.386973 1 0.390124 1
0 0.415625 0.652083 0.765625 0.695833 0.457588 0.617132 0.503665 0.563555 0.414373 0.546158 0.548941 0.609238 0.336886 0.573734 0.653245 0.941199 0.179006 0.955472 0.712418 1 0.117935 1 0.634476 1 0.274114 1 0.574969 1 0.302605 1 0.502568 0.915562 0.37237 0.967745 0.390111 1 0.387308 1
0 0.410937 0.652083 0.7625 0.695833 0.457398 0.617693 0.503243 0.563154 0.414253 0.546403 0.548812 0.607568 0.337497 0.573378 0.653202 0.942002 0.179193 0.956486 0.709739 1 0.113198 1 0.62435 1 0.272991 1 0.57539 1 0.303463 1 0.503394 0.914475 0.372173 0.967138 0.38806 1 0.387557 1
0 0.410937 0.652083 0.765625 0.695833 0.457645 0.618375 0.50312 0.563693 0.414359 0.546848 0.548202 0.606307 0.336695 0.572263 0.652568 0.942137 0.177387 0.957216 0.708403 1 0.110988 1 0.618157 1 0.269303 1 0.574907 1 0.302008 1 0.502647 0.914372 0.370904 0.972619 0.387369 1 0.38074 1
0 0.410937 0.652083 0.76875 0.695833 0.457475 0.61906 0.50302 0.563791 0.41403 0.547353 0.548288 0.607058 0.336652 0.573969 0.653796 0.941553 0.177599 0.959092 0.708969 1 0.110396 1 0.616225 1 0.270941 1 0.578339 1 0.305209 1 0.505459 0.914719 0.373096 0.971995 0.384217 1 0.387882 1
0 0.409375 0.653125 0.7625 0.69375 0.4578 0.619435 0.503492 0.563812 0.414422 0.546609 0.548157 0.607656 0.336574 0.572901 0.653318 0.939761 0.177334 0.956844 0.708459 1 0.11552 1 0.615359 1 0.273138 1 0.578044 1 0.304006 1 0.508909 0.911835 0.368157 0.965384 0.386988 1 0.391326 1
0 0.410937 0.653125 0.765625 0.69375 0.457336 0.620959 0.502908 0.564689 0.414314 0.547581 0.547447 0.606999 0.33692 0.572178 0.652043 0.941116 0.176042 0.958477 0.710751 1 0.113474 1 0.62289 1 0.273782 1 0.574407 1 0.301164 1 0.506889 0.913495 0.367787 0.971199 0.38243 1 0.389943 1
0 0.410937 0.652083 0.759375 0.695833 0.456665 0.621046 0.502352 0.564977 0.413764 0.547743 0.547296 0.606599 0.3366 0.571567 0.655515 0.9364 0.174827 0.955507 0.709799 1 0.109779 1 0.612877 1 0.275075 1 0.584494 1 0.307203 1 0.51089 0.910524 0.363571 0.967291 0.381287 1 0.387897 1
0 0.4125 0.652083 0.759375 0.695833 0.457495 0.621245 0.503301 0.566369 0.414162 0.549305 0.548751 0.60863 0.336511 0.574245 0.652979 0.938173 0.179425 0.958093 0.708859 1 0.116567 1 0.617044 1 0.278169 1 0.580231 1 0.308267 1 0.505227 0.912135 0.372795 0.970339 0.3851 1 0.385515 1
0 0.414062 0.653125 0.765625 0.69375 0.456692 0.622142 0.503184 0.566952 0.413575 0.549664 0.549813 0.60624 0.336288 0.570679 0.650969 0.942345 0.178426 0.955704 0.706032 1 0.117744 1 0.620623 1 0.274567 1 0.568643 1 0.297138 1 0.503172 0.918852 0.375665 0.971765 0.392456 1 0.376918 1
0 0.4125 0.653125 0.759375 0.69375 0.457788 0.622993 0.503577 0.56807 0.415196 0.549902 0.548367 0.608244 0.337593 0.571179 0.65256 0.935556 0.178312 0.953105 0.709561 1 0.115277 1 0.613113 1 0.275315 1 0.580187 1 0.307276 1 0.508546 0.912898 0.370937 0.968156 0.387606 1 0.386745 1
0 0.4125 0.652083 0.775 0.695833 0.458568 0.62473 0.504442 0.568115 0.415837 0.550118 0.548803 0.608169 0.337928 0.57121 0.652142 0.941101 0.176175 0.956711 0.714562 1 0.109999 1 0.630926 1 0.267897 1 0.574513 1 0.301575 1 0.50699 0.916308 0.364662 0.973222 0.383109 1 0.387382 1
0 0.409375 0.652083 0.76875 0.695833 0.459239 0.623907 0.504993 0.568683 0.416748 0.550367 0.549473 0.607811 0.338397 0.570337 0.651303 0.941925 0.176088 0.95916 0.709936 1 0.108956 1 0.624159 1 0.272696 1 0.575444 1 0.303194 1 0.503589 0.916158 0.373288 0.978179 0.386388 1 0.381644 1
0 0.411719 0.652083 0.760938 0.695833 0.459876 0.623834 0.506228 0.568318 0.417028 0.549344 0.551398 0.605095 0.337972 0.566115 0.653127 0.941628 0.176353 0.954464 0.706546 1 0.114035 1 0.621018 1 0.27176 1 0.575045 1 0.301226 1 0.502221 0.916525 0.374738 0.973019 0.38994 1 0.378665 1
0 0.410937 0.652083 0.76875 0.695833 0.460592 0.624788 0.506328 0.568605 0.41784 0.550252 0.550415 0.607354 0.33897 0.569784 0.653111 0.938076 0.175613 0.957634 0.714993 1 0.10799 1 0.636992 1 0.271029 1 0.580248 1 0.306235 1 0.508114 0.912247 0.367428 0.977517 0.383431 1 0.382239 1
0 0.410156 0.652083 0.760938 0.695833 0.46123 0.625162 0.507447 0.569384 0.418771 0.54982 0.551856 0.606057 0.339447 0.565979 0.654324 0.942229 0.176077 0.958467 0.710436 1 0.114815 1 0.624201 1 0.275878 1 0.579027 1 0.305035 1 0.504318 0.9154 0.377804 0.977149 0.386238 1 0.383525 1
0 0.410937 0.652083 0.7625 0.695833 0.461107 0.625149 0.507208 0.569029 0.41823 0.550482 0.552397 0.603288 0.339092 0.565536 0.654382 0.934346 0.180185 0.953334 0.710429 1 0.116751 1 0.614153 1 0.274549 1 0.582205 1 0.310389 1 0.505842 0.91327 0.378845 0.973864 0.386974 1 0.379761 1
0 0.414844 0.652083 0.757812 0.695833 0.460934 0.627714 0.508028 0.570483 0.418258 0.55092 0.55421 0.601978 0.338778 0.561853 0.65339 0.935553 0.181245 0.955849 0.70839 1 0.11985 1 0.62046 1 0.27701 1 0.583418 1 0.312993 1 0.504335 0.915738 0.379346 0.976481 0.386864 1 0.372707 1
0 0.4125 0.651042 0.75 0.697917 0.461818 0.627384 0.508038 0.571225 0.419315 0.551304 0.552574 0.605348 0.339681 0.564775 0.653583 0.931479 0.183355 0.952835 0.710736 1 0.124417 1 0.618254 1 0.283214 1 0.588571 1 0.318322 1 0.507246 0.912186 0.373351 0.971996 0.386179 1 0.377373 1
0 0.413281 0.652083 0.760938 0.695833 0.462629 0.628891 0.508619 0.571728 0.419851 0.552415 0.552724 0.606504 0.340096 0.567159 0.653325 0.933094 0.182322 0.955371 0.712412 1 0.118723 1 0.63071 1 0.274606 1 0.588133 1 0.317961 1 0.509121 0.914528 0.371476 0.975855 0.384483 1 0.381635 1
0 0.410156 0.651042 0.757812 0.697917 0.46307 0.629815 0.509619 0.571558 0.419969 0.552226 0.554381 0.604884 0.339793 0.565321 0.655369 0.933521 0.178765 0.95581 0.708908 1 0.118491 1 0.625573 1 0.273549 1 0.588145 1 0.314078 1 0.511734 0.911727 0.371156 0.975908 0.383231 1 0.382228 1
0 0.409375 0.653125 0.7625 0.69375 0.464551 0.629182 0.509897 0.57305 0.419853 0.555411 0.554976 0.6056 0.337874 0.571577 0.663626 0.931709 0.19775 0.937566 0.70307 1 0.136109 1 0.621557 1 0.27061 0.990666 0.609013 1 0.33982 1 0.529623 0.930121 0.407113 0.962856 0.432913 1 0.413424 1
0 0.4125 0.652083 0.76875 0.695833 0.464477 0.632395 0.510448 0.573416 0.421329 0.554201 0.554019 0.607551 0.340872 0.568248 0.654646 0.938981 0.179439 0.958326 0.711914 1 0.118563 1 0.631838 1 0.277268 1 0.584381 1 0.31192 1 0.511277 0.915796 0.369045 0.978518 0.379414 1 0.387697 1
0 0.414844 0.653125 0.760938 0.69375 0.464788 0.632761 0.510485 0.573399 0.421489 0.554919 0.554021 0.608412 0.341725 0.570607 0.654067 0.940123 0.181462 0.95541 0.708901 1 0.117757 1 0.620066 1 0.276743 1 0.580649 1 0.309747 1 0.511602 0.915819 0.367554 0.972296 0.380099 1 0.393966 1
0 0.413281 0.652083 0.757812 0.695833 0.4653 0.633378 0.511306 0.57431 0.422457 0.554324 0.554055 0.608874 0.341616 0.567716 0.654755 0.937699 0.177731 0.953682 0.709426 1 0.119187 1 0.623273 1 0.279271 1 0.583211 1 0.308569 1 0.513775 0.914733 0.362861 0.972583 0.379488 1 0.391613 1
0 0.416406 0.652083 0.754687 0.695833 0.466011 0.633378 0.51195 0.573843 0.422789 0.555096 0.555709 0.606459 0.342429 0.567841 0.654309 0.940024 0.180514 0.954472 0.706808 1 0.119701 1 0.614706 1 0.277365 1 0.578263 1 0.306556 1 0.511019 0.9147 0.370517 0.974347 0.381898 1 0.389343 1
0 0.416406 0.651042 0.745313 0.697917 0.466317 0.63293 0.512044 0.571684 0.422938 0.552376 0.554757 0.604641 0.342083 0.565315 0.656443 0.933424 0.181382 0.952857 0.706524 1 0.124297 1 0.610081 1 0.283505 1 0.59161 1 0.318155 1 0.519625 0.91232 0.365541 0.970222 0.375812 1 0.401451 1
0 0.414062 0.651042 0.75625 0.697917 0.466105 0.6296 0.511751 0.569645 0.422336 0.550916 0.554802 0.605346 0.341346 0.567126 0.655861 0.942244 0.179235 0.955937 0.70722 1 0.121547 1 0.614548 1 0.277334 1 0.580691 1 0.30688 1 0.512404 0.914673 0.366997 0.972469 0.380625 1 0.395328 1
0 0.414062 0.652083 0.75 0.695833 0.466901 0.628572 0.512208 0.568358 0.422599 0.549931 0.555079 0.605448 0.341279 0.568245 0.657247 0.944472 0.180685 0.958159 0.708442 1 0.120767 1 0.613416 1 0.28045 1 0.583073 1 0.309596 1 0.512015 0.917997 0.365598 0.972555 0.379493 1 0.396901 1
0 0.410156 0.651042 0.764063 0.697917 0.466613 0.626954 0.512 0.567557 0.422775 0.549006 0.554743 0.604834 0.341241 0.56723 0.657008 0.943639 0.175768 0.962077 0.707245 1 0.117763 1 0.613327 1 0.284174 1 0.582672 1 0.306306 1 0.510929 0.912943 0.368238 0.978051 0.377293 1 0.392365 1
0 0.4125 0.651042 0.75625 0.697917 0.46704 0.626677 0.512203 0.567113 0.423116 0.548605 0.554888 0.602442 0.341669 0.565121 0.657331 0.936124 0.178859 0.95673 0.708358 1 0.118294 1 0.617618 1 0.280929 1 0.588547 1 0.314053 1 0.513916 0.909825 0.371861 0.973233 0.378064 1 0.396196 1
0 0.410937 0.651042 0.759375 0.697917 0.467409 0.627927 0.512296 0.566823 0.423369 0.548856 0.554404 0.602232 0.341942 0.566094 0.657384 0.93436 0.179014 0.959236 0.709902 1 0.122252 1 0.620924 1 0.287826 1 0.591466 1 0.316646 1 0.51794 0.906601 0.366806 0.974712 0.372562 1 0.39989 1
0 0.414844 0.651042 0.754687 0.697917 0.467304 0.626523 0.512721 0.567242 0.423439 0.548126 0.555117 0.604189 0.341601 0.565326 0.655897 0.944424 0.177586 0.958131 0.710566 1 0.118916 1 0.624071 1 0.27837 1 0.577445 1 0.303755 1 0.509482 0.917524 0.371225 0.975676 0.380221 1 0.396212 1
0 0.411719 0.652083 0.754687 0.695833 0.467879 0.627064 0.512935 0.565911 0.423824 0.547614 0.554599 0.602971 0.341931 0.56586 0.654137 0.944528 0.177017 0.958801 0.707101 1 0.121138 1 0.612581 1 0.281361 1 0.572436 1 0.298949 1 0.513167 0.913181 0.365504 0.971607 0.376736 1 0.401397 1
0 0.407813 0.651042 0.7625 0.697917 0.469391 0.625977 0.513373 0.566002 0.425066 0.547735 0.553888 0.604997 0.342643 0.568815 0.658512 0.933648 0.181238 0.957123 0.712038 1 0.120777 1 0.617227 1 0.279556 1 0.595923 1 0.321496 1 0.519563 0.906424 0.36302 0.968353 0.374464 1 0.404565 1
0 0.414844 0.652083 0.760938 0.695833 0.469618 0.625595 0.513646 0.565006 0.425074 0.546794 0.554211 0.603492 0.34231 0.567102 0.656653 0.942189 0.178141 0.959885 0.710064 1 0.121966 1 0.624111 1 0.285929 1 0.582675 1 0.30819 1 0.515891 0.910264 0.367163 0.970122 0.377198 1 0.404378 1
0 0.408594 0.652083 0.754687 0.695833 0.469696 0.624925 0.513815 0.564681 0.425513 0.546095 0.554187 0.60278 0.342417 0.565838 0.656769 0.937346 0.178357 0.958257 0.70853 1 0.11483 1 0.605912 1 0.270501 1 0.588902 1 0.314467 1 0.515368 0.909023 0.363193 0.972753 0.373066 1 0.400052 1
0 0.408594 0.651042 0.767187 0.697917 0.471064 0.625941 0.514858 0.565109 0.426754 0.546272 0.554487 0.602238 0.342389 0.564832 0.65915 0.935693 0.174192 0.959933 0.712244 1 0.109641 1 0.61445 1 0.269957 1 0.593686 1 0.314586 1 0.517478 0.906034 0.355716 0.975473 0.36977 1 0.392629 1
0 0.410156 0.651042 0.760938 0.697917 0.471528 0.623017 0.515128 0.564512 0.427044 0.545533 0.554565 0.604816 0.342666 0.567295 0.656069 0.940937 0.177822 0.958798 0.707322 1 0.120401 1 0.603964 1 0.279885 1 0.582248 1 0.307661 1 0.512649 0.909155 0.368061 0.970895 0.378297 1 0.399776 1
0 0.410156 0.651042 0.760938 0.697917 0.472684 0.624131 0.516081 0.563227 0.427931 0.545236 0.555474 0.600371 0.343484 0.564654 0.655724 0.936512 0.177464 0.95648 0.707713 1 0.115121 1 0.610382 1 0.27531 1 0.582325 1 0.307754 1 0.516103 0.908815 0.362494 0.972546 0.375163 1 0.399074 1
0 0.408594 0.651042 0.764063 0.697917 0.472623 0.621797 0.515779 0.562847 0.428316 0.544434 0.555022 0.600891 0.343828 0.56463 0.657308 0.935227 0.176239 0.959903 0.706824 1 0.113492 1 0.605327 1 0.27898 1 0.589936 1 0.313443 1 0.516346 0.905832 0.369515 0.977363 0.377324 1 0.39623 1
0 0.409375 0.651042 0.75 0.697917 0.472966 0.62123 0.516339 0.562603 0.428186 0.544824 0.556537 0.600051 0.344106 0.564931 0.657803 0.943272 0.178549 0.959439 0.707095 1 0.119467 1 0.614138 1 0.279534 1 0.57797 1 0.303499 1 0.510697 0.91313 0.377813 0.974363 0.384956 1 0.395403 1
0 0.411719 0.652083 0.754687 0.695833 0.47424 0.62183 0.51708 0.562912 0.430013 0.544353 0.555832 0.600751 0.345158 0.56393 0.656593 0.942658 0.176436 0.962951 0.708854 1 0.118825 1 0.611477 1 0.288843 1 0.580758 1 0.305337 1 0.513339 0.909691 0.372899 0.978207 0.381933 1 0.394307 1
0 0.4125 0.652083 0.753125 0.695833 0.474434 0.620524 0.517042 0.561837 0.429782 0.543772 0.556313 0.598396 0.345331 0.562916 0.656594 0.938633 0.181911 0.955563 0.706713 1 0.121913 1 0.607927 1 0.282121 1 0.580966 1 0.309024 1 0.5122 0.910218 0.375447 0.970604 0.383409 1 0.393418 1
0 0.411719 0.651042 0.754687 0.697917 0.474587 0.619997 0.51781 0.562652 0.430271 0.54364 0.557042 0.600955 0.345226 0.563577 0.658001 0.936401 0.181096 0.959315 0.710736 1 0.121919 1 0.616748 1 0.282238 1 0.588883 1 0.315634 1 0.511145 0.906126 0.376488 0.974477 0.383337 1 0.39231 1
0 0.415625 0.652083 0.753125 0.695833 0.474784 0.621005 0.517812 0.562033 0.430138 0.544175 0.557192 0.599545 0.345777 0.564232 0.656035 0.941231 0.180458 0.95809 0.709073 1 0.122555 1 0.615739 1 0.287581 1 0.574854 1 0.302612 1 0.511526 0.910703 0.374601 0.974241 0.382056 1 0.394729 1
0 0.414844 0.652083 0.745313 0.695833 0.475087 0.620726 0.518033 0.562055 0.430682 0.543317 0.556828 0.600097 0.345977 0.563109 0.658336 0.937512 0.180234 0.956476 0.708387 1 0.123456 1 0.611767 1 0.286515 1 0.584915 1 0.310338 1 0.512926 0.905997 0.369915 0.971156 0.378757 1 0.395766 1
0 0.413281 0.651042 0.739062 0.697917 0.47551 0.620999 0.518439 0.561523 0.431094 0.543162 0.557253 0.599336 0.346469 0.563101 0.659162 0.933687 0.180917 0.955774 0.706927 1 0.125345 1 0.604789 1 0.287407 1 0.589914 1 0.314388 1 0.519036 0.901412 0.368135 0.967567 0.379255 1 0.397646 1
0 0.409375 0.651042 0.746875 0.697917 0.475825 0.620904 0.518484 0.561683 0.431296 0.543166 0.557269 0.599396 0.3464 0.562976 0.66051 0.941432 0.178497 0.960688 0.706267 1 0.120164 1 0.6005 1 0.287461 1 0.587501 1 0.311173 1 0.513863 0.908074 0.375378 0.972964 0.379194 1 0.400966 1
0 0.410937 0.651042 0.753125 0.697917 0.475943 0.621782 0.518607 0.562615 0.431803 0.543807 0.556935 0.599841 0.347093 0.562554 0.659397 0.937313 0.178154 0.957054 0.712478 1 0.118453 1 0.61497 1 0.282756 1 0.58525 1 0.309142 1 0.516424 0.90683 0.369594 0.972617 0.377355 1 0.397557 1
0 0.415625 0.651042 0.740625 0.697917 0.476201 0.62078 0.5184 0.561684 0.431431 0.543587 0.556671 0.599783 0.346555 0.56447 0.658117 0.939797 0.183652 0.957979 0.708766 1 0.127031 1 0.610629 1 0.288569 1 0.584856 1 0.313111 1 0.514293 0.9109 0.374903 0.972131 0.381273 1 0.401555 1
0 0.407813 0.652083 0.759375 0.695833 0.476964 0.619335 0.518777 0.561847 0.432494 0.54344 0.556605 0.60055 0.347016 0.564722 0.659733 0.938714 0.178496 0.958505 0.704985 1 0.113357 1 0.598767 1 0.278173 1 0.588874 1 0.312996 1 0.5119 0.905249 0.374816 0.973963 0.3772 1 0.395162 1
0 0.417969 0.651042 0.754687 0.697917 0.477273 0.618993 0.5195 0.561553 0.432679 0.542705 0.557702 0.601047 0.347212 0.564127 0.658495 0.942316 0.181914 0.960236 0.710515 1 0.120876 1 0.616041 1 0.284178 1 0.584673 1 0.31216 1 0.511383 0.909809 0.377935 0.973484 0.383555 1 0.394473 1
0 0.409375 0.651042 0.765625 0.697917 0.477256 0.620067 0.519523 0.561905 0.432949 0.542759 0.557157 0.600088 0.346845 0.562363 0.657864 0.938828 0.175934 0.958393 0.708657 1 0.10834 1 0.606956 1 0.275018 1 0.585396 1 0.309653 1 0.513264 0.90524 0.373087 0.975433 0.378285 1 0.396534 1
0 0.411719 0.65 0.748438 0.7 0.477522 0.620413 0.519693 0.561245 0.433067 0.542369 0.557273 0.601218 0.348056 0.564051 0.658853 0.938883 0.181185 0.957846 0.7074 1 0.121335 1 0.607817 1 0.290025 1 0.589376 1 0.314939 1 0.517026 0.907015 0.36699 0.973155 0.376647 1 0.402315 1
0 0.410156 0.652083 0.757812 0.695833 0.47746 0.619398 0.519653 0.562216 0.433347 0.542939 0.557261 0.601975 0.347826 0.564076 0.657305 0.936594 0.181792 0.958485 0.711651 1 0.119785 1 0.615944 1 0.282688 1 0.587695 1 0.315436 1 0.514704 0.906423 0.375909 0.972709 0.383106 1 0.396548 1
0 0.4125 0.652083 0.75625 0.695833 0.477134 0.619931 0.519539 0.561552 0.433079 0.542306 0.557263 0.600943 0.348022 0.563123 0.659091 0.938913 0.182269 0.961555 0.709627 1 0.126652 1 0.612753 1 0.290316 1 0.59086 1 0.317423 1 0.513339 0.906303 0.372409 0.974419 0.37745 1 0.397828 1
0 0.415625 0.652083 0.7375 0.695833 0.477691 0.619471 0.519878 0.561843 0.43351 0.542702 0.557572 0.602665 0.3488 0.565084 0.658866 0.937362 0.182686 0.958171 0.707264 1 0.125834 1 0.605749 1 0.292558 1 0.589775 1 0.316014 1 0.51807 0.904297 0.372619 0.969889 0.380416 1 0.400892 1
0 0.413281 0.652083 0.748438 0.695833 0.477679 0.62041 0.519996 0.561685 0.433282 0.542787 0.557846 0.601753 0.34844 0.564427 0.659984 0.943325 0.180932 0.959264 0.711632 1 0.11795 1 0.617125 1 0.27942 1 0.58561 1 0.311327 1 0.514035 0.910744 0.370256 0.971982 0.380619 1 0.401176 1
0 0.407813 0.651042 0.753125 0.697917 0.478622 0.620388 0.52054 0.561261 0.433722 0.543203 0.558324 0.601184 0.348623 0.56576 0.659164 0.94475 0.182155 0.96014 0.709606 1 0.122476 1 0.61564 1 0.286744 1 0.582034 1 0.308726 1 0.515294 0.912369 0.372317 0.97453 0.382357 1 0.400973 1
0 0.410937 0.651042 0.7375 0.697917 0.47802 0.619204 0.520519 0.561399 0.433738 0.542166 0.558517 0.602288 0.348814 0.564332 0.660064 0.94126 0.182108 0.960117 0.705717 1 0.12553 1 0.606222 1 0.294073 1 0.589718 1 0.315102 1 0.513077 0.908929 0.371793 0.974347 0.380098 1 0.400092 1
0 0.414062 0.651042 0.7375 0.697917 0.478123 0.61859 0.52019 0.561292 0.433813 0.542537 0.557898 0.601034 0.348399 0.56426 0.65983 0.932326 0.182532 0.955745 0.7114 1 0.120731 1 0.617535 1 0.286856 1 0.593672 1 0.319239 1 0.514616 0.901861 0.368533 0.971037 0.380459 1 0.392486 1
0 0.408594 0.651042 0.754687 0.697917 0.47836 0.619179 0.52069 0.561284 0.433669 0.542614 0.558655 0.601631 0.348025 0.565108 0.65944 0.940009 0.181061 0.957475 0.707991 1 0.113933 1 0.608588 1 0.273961 1 0.587488 1 0.313532 1 0.511867 0.903535 0.370973 0.971132 0.37923 1 0.396512 1
0 0.419531 0.651042 0.739062 0.697917 0.478554 0.618862 0.52038 0.5622 0.434387 0.542436 0.557474 0.602339 0.348583 0.563696 0.658725 0.933918 0.18485 0.957195 0.709971 1 0.128483 1 0.611859 1 0.294681 1 0.594817 1 0.323111 1 0.51415 0.902438 0.37688 0.969541 0.380338 1 0.399243 1
0 0.413281 0.651042 0.739062 0.697917 0.477973 0.618995 0.520054 0.562038 0.433807 0.542577 0.557805 0.60276 0.348623 0.564665 0.661258 0.940268 0.183307 0.960953 0.708943 1 0.126874 1 0.605422 1 0.296858 1 0.593602 1 0.319151 1 0.511469 0.907022 0.373727 0.97238 0.380025 1 0.395536 1
0 0.408594 0.651042 0.751562 0.697917 0.476988 0.618863 0.519578 0.561797 0.432767 0.542319 0.557557 0.602939 0.347572 0.564476 0.657816 0.945921 0.179925 0.96019 0.711578 1 0.116707 1 0.616757 1 0.278028 1 0.580138 1 0.306924 1 0.509953 0.912952 0.374764 0.976282 0.383766 1 0.396867 1
0 0.407813 0.651042 0.759375 0.697917 0.477294 0.618623 0.519326 0.560829 0.432727 0.542215 0.556913 0.600741 0.34692 0.56421 0.659571 0.939376 0.175833 0.955443 0.705677 1 0.109412 1 0.602557 1 0.268899 1 0.584302 1 0.306131 1 0.514071 0.905753 0.3667 0.9717 0.379103 1 0.394035 1
0 0.413281 0.651042 0.764063 0.697917 0.477422 0.618794 0.51954 0.561355 0.432909 0.542074 0.556675 0.601926 0.34665 0.564077 0.65684 0.939375 0.179119 0.957623 0.711992 1 0.114859 1 0.622357 1 0.276495 1 0.583143 1 0.309342 1 0.512024 0.91003 0.368435 0.974136 0.381476 1 0.393816 1
0 0.407813 0.651042 0.7625 0.697917 0.476512 0.617998 0.519255 0.561095 0.432245 0.541724 0.557469 0.601777 0.346687 0.563455 0.658997 0.938076 0.177206 0.957055 0.706666 1 0.117055 1 0.605184 1 0.284176 1 0.586449 1 0.309583 1 0.510941 0.901543 0.370242 0.970276 0.379559 1 0.394211 1
0 0.408594 0.651042 0.770312 0.697917 0.477151 0.618359 0.519391 0.5615 0.43264 0.541869 0.556732 0.602326 0.345952 0.563789 0.658131 0.939972 0.176043 0.957985 0.71019 1 0.111098 1 0.609411 1 0.270841 1 0.584183 1 0.30776 1 0.51207 0.906362 0.370823 0.971989 0.381531 1 0.393259 1
0 0.4125 0.651042 0.75625 0.697917 0.476122 0.617519 0.518817 0.560453 0.432101 0.541269 0.557262 0.600616 0.347298 0.562838 0.658443 0.933546 0.180855 0.959344 0.711261 1 0.117926 1 0.617536 1 0.283745 1 0.593272 1 0.3195 1 0.514476 0.904131 0.374965 0.976198 0.380144 1 0.394995 1
0 0.4125 0.651042 0.759375 0.697917 0.476513 0.617805 0.518609 0.55995 0.431859 0.541452 0.556519 0.600224 0.346474 0.56429 0.659494 0.937604 0.181024 0.958977 0.710144 1 0.119871 1 0.61359 1 0.279192 1 0.589617 1 0.315056 1 0.513284 0.904727 0.370581 0.97153 0.379121 1 0.393664 1
0 0.408594 0.651042 0.751562 0.697917 0.476871 0.617878 0.518987 0.559532 0.432048 0.541257 0.55717 0.598097 0.346467 0.562601 0.659786 0.94087 0.180779 0.960277 0.705788 1 0.122111 1 0.602556 1 0.282643 1 0.5866 1 0.312 1 0.510937 0.908013 0.375736 0.972236 0.380996 1 0.394758 1
0 0.407813 0.651042 0.7625 0.697917 0.476549 0.617681 0.518903 0.560214 0.431916 0.54152 0.557012 0.599846 0.346061 0.563349 0.660008 0.940468 0.177804 0.959339 0.707013 1 0.118953 1 0.603392 1 0.281365 1 0.585838 1 0.309463 1 0.509695 0.905133 0.375391 0.973125 0.379491 1 0.396591 1
0 0.40625 0.651042 0.753125 0.697917 0.47698 0.617952 0.518795 0.559342 0.432394 0.540907 0.556302 0.598715 0.346813 0.562958 0.659932 0.937144 0.179492 0.959797 0.707471 1 0.118984 1 0.604545 1 0.285721 1 0.592266 1 0.316182 1 0.514979 0.902399 0.368605 0.973534 0.376692 1 0.395674 1
0 0.409375 0.651042 0.746875 0.697917 0.477154 0.616869 0.51932 0.559566 0.432375 0.540656 0.557095 0.600628 0.346344 0.563826 0.657618 0.935945 0.181543 0.958097 0.706806 1 0.12209 1 0.607435 1 0.289056 1 0.589107 1 0.315903 1 0.512121 0.903521 0.372318 0.971117 0.380388 1 0.395801 1
0 0.411719 0.65 0.751562 0.7 0.476882 0.617552 0.518869 0.55876 0.432175 0.541047 0.557053 0.597903 0.347405 0.563387 0.660623 0.936162 0.180055 0.958789 0.709099 1 0.116188 1 0.614143 1 0.280203 1 0.591918 1 0.316166 1 0.51498 0.903217 0.370236 0.974336 0.376717 1 0.395917 1
0 0.410156 0.651042 0.751562 0.697917 0.477481 0.616511 0.519287 0.558181 0.432698 0.54004 0.55674 0.599238 0.347168 0.563991 0.65875 0.936236 0.180303 0.959296 0.708784 1 0.119393 1 0.607379 1 0.2881 1 0.588473 1 0.313872 1 0.514222 0.904535 0.368503 0.973617 0.376336 1 0.398197 1
0 0.408594 0.65 0.751562 0.7 0.477987 0.615492 0.519663 0.558295 0.433092 0.539467 0.556799 0.599901 0.346736 0.563358 0.658526 0.938428 0.180337 0.958799 0.708335 1 0.120222 1 0.607174 1 0.283862 1 0.588227 1 0.313837 1 0.514709 0.908206 0.374372 0.974409 0.382918 1 0.398366 1
0 0.404687 0.651042 0.75 0.697917 0.478877 0.615944 0.520438 0.55766 0.433479 0.539737 0.557919 0.598325 0.347139 0.56396 0.65835 0.939874 0.183817 0.961007 0.707527 1 0.123246 1 0.608885 1 0.285591 1 0.587121 1 0.315741 1 0.511776 0.907792 0.37625 0.97458 0.380591 1 0.39863 1
0 0.408594 0.652083 0.751562 0.695833 0.478568 0.615236 0.520113 0.557905 0.433538 0.540011 0.557682 0.599161 0.347469 0.564462 0.660479 0.940808 0.177396 0.962501 0.708424 1 0.116449 1 0.609036 1 0.289617 1 0.585731 1 0.308279 1 0.513251 0.905577 0.373661 0.976343 0.381896 1 0.392651 1
0 0.411719 0.651042 0.745313 0.697917 0.479444 0.614174 0.520952 0.556928 0.433932 0.539385 0.558662 0.597868 0.347477 0.563638 0.658736 0.943766 0.17858 0.954747 0.707844 1 0.115827 1 0.61046 1 0.280572 1 0.572073 1 0.296555 1 0.511126 0.912024 0.372701 0.971142 0.387366 1 0.389867 1
0 0.407031 0.651042 0.754687 0.697917 0.479636 0.613719 0.52111 0.557684 0.434333 0.539352 0.558429 0.599881 0.347227 0.564515 0.660757 0.940508 0.17856 0.960069 0.711184 1 0.116984 1 0.613976 1 0.283669 1 0.584653 1 0.30832 1 0.510736 0.906121 0.377912 0.974521 0.384213 1 0.391738 1
0 0.410937 0.651042 0.746875 0.697917 0.479841 0.615072 0.521232 0.557353 0.434533 0.539032 0.558083 0.599041 0.347555 0.563685 0.660091 0.94043 0.179886 0.960446 0.71053 1 0.119618 1 0.612695 1 0.287004 1 0.586291 1 0.311107 1 0.513758 0.909441 0.374642 0.97719 0.381854 1 0.399133 1
0 0.408594 0.652083 0.767187 0.695833 0.480099 0.614347 0.521834 0.557048 0.434791 0.538201 0.558738 0.599623 0.347272 0.563077 0.657324 0.938846 0.17861 0.960183 0.710146 1 0.112905 1 0.617136 1 0.278208 1 0.583601 1 0.309964 1 0.511919 0.907475 0.373715 0.979132 0.378352 1 0.395344 1
0 0.407031 0.651042 0.757812 0.697917 0.480158 0.614019 0.521229 0.556607 0.434499 0.539039 0.558043 0.600167 0.347608 0.566406 0.661081 0.940336 0.178005 0.959718 0.70908 1 0.114296 1 0.611267 1 0.283473 1 0.585754 1 0.308408 1 0.513769 0.904025 0.369802 0.971743 0.379777 1 0.397568 1
0 0.407031 0.651042 0.757812 0.697917 0.48017 0.613848 0.521681 0.556715 0.434624 0.539021 0.559297 0.599381 0.348266 0.565149 0.66061 0.943056 0.178571 0.959165 0.709605 1 0.110188 1 0.617269 1 0.27359 1 0.581536 1 0.305474 1 0.511824 0.9085 0.373062 0.975883 0.382564 1 0.393396 1
0 0.408594 0.651042 0.748438 0.697917 0.479802 0.614984 0.521324 0.557365 0.434918 0.538696 0.558146 0.598852 0.348391 0.562608 0.660096 0.938744 0.180566 0.957978 0.708392 1 0.120195 1 0.604162 1 0.287831 1 0.587004 1 0.31183 1 0.512287 0.909146 0.370388 0.975518 0.376445 1 0.396465 1
0 0.410156 0.651042 0.754687 0.697917 0.480109 0.613952 0.521335 0.556715 0.434639 0.539061 0.558192 0.599768 0.348097 0.565658 0.658459 0.941355 0.180712 0.958585 0.709469 1 0.119829 1 0.620902 1 0.281354 1 0.579044 1 0.30513 1 0.512743 0.908298 0.372135 0.972807 0.383293 1 0.394858 1
0 0.4125 0.651042 0.75625 0.697917 0.479974 0.613649 0.521744 0.557421 0.434523 0.538935 0.559164 0.598899 0.34688 0.562859 0.657883 0.941017 0.177257 0.95827 0.712068 1 0.115607 1 0.625987 1 0.283672 1 0.575605 1 0.300574 1 0.508832 0.907894 0.37719 0.975996 0.385325 1 0.387995 1
0 0.410156 0.651042 0.754687 0.697917 0.479855 0.614596 0.521067 0.557437 0.434437 0.539342 0.557757 0.599977 0.34756 0.565083 0.659078 0.939393 0.180852 0.956144 0.710006 1 0.117379 1 0.61597 1 0.28005 1 0.58282 1 0.308561 1 0.511433 0.906842 0.368954 0.970485 0.380766 1 0.394565 1
0 0.4125 0.651042 0.75 0.697917 0.479743 0.614651 0.521223 0.557578 0.434378 0.539246 0.558307 0.599257 0.347324 0.563793 0.65862 0.940344 0.18047 0.959522 0.710202 1 0.121848 1 0.617876 1 0.290643 1 0.582976 1 0.309427 1 0.512632 0.907693 0.380531 0.975104 0.384186 1 0.399425 1
0 0.410937 0.652083 0.753125 0.695833 0.479975 0.614048 0.521051 0.556774 0.434479 0.538812 0.557991 0.598753 0.347697 0.564269 0.66001 0.936276 0.181559 0.957085 0.709835 1 0.118159 1 0.614396 1 0.283463 1 0.588342 1 0.31388 1 0.515037 0.905788 0.372817 0.970838 0.381153 1 0.395135 1
0 0.4125 0.651042 0.746875 0.697917 0.479514 0.614515 0.52076 0.557784 0.434502 0.539405 0.557521 0.598876 0.347834 0.563322 0.658536 0.938306 0.181582 0.956963 0.711073 1 0.120282 1 0.618453 1 0.285384 1 0.583558 1 0.310309 1 0.510689 0.907632 0.374652 0.972226 0.384055 1 0.394328 1
0 0.414062 0.652083 0.75 0.695833 0.479822 0.614111 0.521088 0.557014 0.434395 0.539118 0.55792 0.599263 0.347187 0.564559 0.658627 0.939217 0.17834 0.956361 0.709786 1 0.115654 1 0.610949 1 0.2855 1 0.579641 1 0.303953 1 0.513325 0.907395 0.371794 0.971047 0.385096 1 0.395312 1
0 0.407813 0.651042 0.75625 0.697917 0.479619 0.613508 0.521014 0.557297 0.43441 0.539196 0.558163 0.599973 0.347822 0.564877 0.6588 0.943247 0.179587 0.96068 0.712132 1 0.116489 1 0.622742 1 0.282001 1 0.580162 1 0.306217 1 0.510394 0.910962 0.379858 0.978654 0.386295 1 0.395055 1
0 0.411719 0.651042 0.748438 0.697917 0.479713 0.614109 0.520921 0.556998 0.434331 0.539031 0.557846 0.598985 0.347745 0.564323 0.659522 0.94053 0.18066 0.957281 0.709459 1 0.118714 1 0.615481 1 0.281686 1 0.581478 1 0.307318 1 0.510861 0.909336 0.374698 0.970608 0.382655 1 0.398214 1
0 0.414062 0.652083 0.75 0.695833 0.479947 0.614263 0.521275 0.557178 0.434348 0.539584 0.558505 0.600008 0.347971 0.566031 0.65836 0.944293 0.181224 0.958844 0.709082 1 0.118043 1 0.619702 1 0.282802 1 0.577238 1 0.304267 1 0.510317 0.911088 0.375604 0.974254 0.385217 1 0.397394 1
0 0.410937 0.65 0.75625 0.7 0.480156 0.614894 0.52165 0.557264 0.434541 0.539647 0.558797 0.598449 0.347316 0.564403 0.658034 0.943918 0.177981 0.959067 0.712199 1 0.11068 1 0.62525 1 0.269299 1 0.574686 1 0.300551 1 0.510254 0.90908 0.374541 0.97693 0.384094 1 0.392873 1
0 0.413281 0.651042 0.745313 0.697917 0.480112 0.61443 0.520775 0.556659 0.434767 0.538979 0.556797 0.598485 0.347689 0.56471 0.660988 0.940181 0.179157 0.959327 0.706912 1 0.121176 1 0.601919 1 0.286194 1 0.586329 1 0.309455 1 0.512137 0.904887 0.369485 0.973157 0.377179 1 0.397279 1
0 0.407031 0.652083 0.748438 0.695833 0.480043 0.614218 0.520898 0.557893 0.434543 0.540078 0.557775 0.598512 0.347109 0.564528 0.659164 0.938321 0.181434 0.958685 0.707587 1 0.119017 1 0.607159 1 0.281967 1 0.585236 1 0.311502 1 0.50887 0.908474 0.376529 0.977043 0.382029 1 0.387561 1
0 0.414844 0.651042 0.745313 0.697917 0.48042 0.613828 0.521258 0.557136 0.434768 0.539699 0.558241 0.598134 0.347891 0.564786 0.659246 0.938555 0.184199 0.955634 0.709208 1 0.12377 1 0.614069 1 0.286098 1 0.582524 1 0.310382 1 0.510512 0.908441 0.377598 0.970116 0.385396 1 0.392749 1
0 0.414062 0.651042 0.753125 0.697917 0.480584 0.614857 0.521239 0.556943 0.434844 0.539759 0.557537 0.599353 0.347842 0.56646 0.659507 0.94159 0.180374 0.959489 0.710769 1 0.121407 1 0.614868 1 0.286088 1 0.580247 1 0.305785 1 0.513226 0.905328 0.373052 0.970859 0.381323 1 0.399762 1
0 0.410937 0.651042 0.753125 0.697917 0.479837 0.614377 0.521191 0.557649 0.434616 0.539114 0.558176 0.598211 0.347052 0.562533 0.659443 0.936689 0.180861 0.959983 0.712422 1 0.121768 1 0.619881 1 0.285393 1 0.58726 1 0.312795 1 0.511673 0.907505 0.375062 0.97662 0.383583 1 0.38716 1
0 0.415625 0.65 0.753125 0.7 0.47972 0.615025 0.521028 0.557201 0.434408 0.539263 0.558136 0.598721 0.348209 0.564212 0.660168 0.936177 0.183321 0.959643 0.712984 1 0.125321 1 0.623219 1 0.291658 1 0.590604 1 0.317017 1 0.516978 0.905295 0.374428 0.974795 0.381718 1 0.398073 1
0 0.409375 0.652083 0.7375 0.695833 0.479023 0.615401 0.52073 0.557655 0.433576 0.539815 0.558405 0.600037 0.347564 0.565575 0.660309 0.944543 0.180726 0.96201 0.704221 1 0.127091 1 0.60674 1 0.292745 1 0.581963 1 0.306572 1 0.511139 0.908588 0.374462 0.973671 0.380792 1 0.397576 1
0 0.414062 0.651042 0.75625 0.697917 0.479658 0.614711 0.5206 0.558385 0.434157 0.540476 0.557495 0.599195 0.346715 0.565131 0.658933 0.934205 0.183212 0.959843 0.712224 1 0.123006 1 0.619988 1 0.286247 1 0.590334 1 0.318092 1 0.511655 0.905216 0.380514 0.97651 0.383618 1 0.392263 1
0 0.4125 0.651042 0.74375 0.697917 0.478773 0.615285 0.519866 0.558051 0.433229 0.541355 0.557784 0.597756 0.347435 0.56612 0.661094 0.937943 0.184025 0.95934 0.707982 1 0.123734 1 0.608094 1 0.282309 1 0.587852 1 0.314403 1 0.512772 0.906604 0.381008 0.97288 0.385457 1 0.394553 1
0 0.410156 0.651042 0.751562 0.697917 0.478345 0.615647 0.519514 0.558178 0.433136 0.54041 0.556685 0.599522 0.34689 0.56558 0.660628 0.936549 0.18253 0.960217 0.708881 1 0.125399 1 0.60741 1 0.290104 1 0.592271 1 0.317464 1 0.513956 0.902847 0.371935 0.971316 0.379991 1 0.394266 1
0 0.407031 0.651042 0.748438 0.697917 0.478999 0.615193 0.519953 0.558021 0.433478 0.541063 0.557329 0.598561 0.347212 0.56589 0.658231 0.942824 0.181623 0.955808 0.707409 1 0.11882 1 0.60379 1 0.284758 1 0.576146 1 0.303186 1 0.509819 0.909131 0.376682 0.969449 0.387855 1 0.39492 1
0 0.410156 0.651042 0.754687 0.697917 0.478125 0.614301 0.519241 0.558022 0.432602 0.540807 0.556971 0.599362 0.346424 0.566206 0.659332 0.940781 0.180652 0.958493 0.711893 1 0.118421 1 0.62461 1 0.285885 1 0.581554 1 0.307511 1 0.509337 0.908693 0.37768 0.973688 0.386626 1 0.389954 1
0 0.407813 0.651042 0.75 0.697917 0.478226 0.614661 0.519582 0.558587 0.433012 0.540581 0.557278 0.599634 0.346465 0.565035 0.65997 0.94221 0.180181 0.959587 0.708109 1 0.1196 1 0.602693 1 0.282796 1 0.581549 1 0.306148 1 0.508201 0.910574 0.374741 0.973353 0.385409 1 0.384826 1
0 0.409375 0.651042 0.75625 0.697917 0.478051 0.614622 0.519323 0.558114 0.432232 0.541131 0.55747 0.597973 0.345379 0.565543 0.658539 0.940319 0.179653 0.95948 0.706823 1 0.114039 1 0.610913 1 0.278646 1 0.581174 1 0.30712 1 0.508371 0.910163 0.380333 0.977337 0.386119 1 0.386317 1
0 0.408594 0.651042 0.751562 0.697917 0.478202 0.614397 0.519426 0.557723 0.432568 0.540563 0.557 0.598469 0.345605 0.565763 0.659507 0.938215 0.178858 0.956814 0.707688 1 0.114519 1 0.603145 1 0.274615 1 0.582005 1 0.306462 1 0.510964 0.905499 0.375908 0.971549 0.384104 1 0.390774 1
0 0.4125 0.652083 0.75 0.695833 0.477626 0.614066 0.519451 0.557425 0.431772 0.540262 0.558197 0.598538 0.345614 0.565663 0.659289 0.93967 0.182318 0.957006 0.706724 1 0.120514 1 0.606884 1 0.28424 1 0.581116 1 0.307494 1 0.509322 0.911955 0.376614 0.973107 0.386689 1 0.389014 1
0 0.409375 0.651042 0.75 0.697917 0.47789 0.613692 0.519229 0.557764 0.432536 0.540003 0.556655 0.598633 0.34532 0.564822 0.659935 0.936177 0.178874 0.958781 0.706563 1 0.120261 1 0.599683 1 0.280494 1 0.586485 1 0.310269 1 0.50952 0.903895 0.377683 0.974001 0.382086 1 0.388672 1
0 0.413281 0.652083 0.754687 0.695833 0.478123 0.615329 0.51946 0.557772 0.432631 0.540015 0.556964 0.598726 0.345936 0.564624 0.659665 0.934358 0.181438 0.957175 0.710309 1 0.119098 1 0.61293 1 0.286786 1 0.591863 1 0.317094 1 0.514135 0.90231 0.369897 0.971352 0.380986 1 0.391206 1
0 0.413281 0.652083 0.757812 0.695833 0.477317 0.615368 0.519293 0.557868 0.431914 0.540203 0.557621 0.599803 0.346343 0.565624 0.659561 0.938107 0.181766 0.958018 0.708813 1 0.118215 1 0.614105 1 0.284669 1 0.587395 1 0.313535 1 0.511545 0.90465 0.37154 0.969728 0.380107 1 0.394908 1
0 0.414844 0.651042 0.748438 0.697917 0.478219 0.615056 0.519097 0.557918 0.432883 0.540747 0.55633 0.59842 0.346893 0.565474 0.661061 0.944251 0.180033 0.961749 0.712418 1 0.125347 1 0.62144 1 0.294206 1 0.581123 1 0.305463 1 0.509843 0.909449 0.378637 0.974175 0.38631 1 0.394052 1
0 0.413281 0.651042 0.757812 0.697917 0.478101 0.615456 0.519048 0.558306 0.432617 0.541132 0.556331 0.600088 0.346652 0.567393 0.65993 0.939631 0.182514 0.959356 0.711037 1 0.120946 1 0.615495 1 0.284035 1 0.587036 1 0.313364 1 0.513458 0.906816 0.375053 0.97232 0.382562 1 0.395274 1
0 0.414062 0.652083 0.740625 0.695833 0.477991 0.616928 0.519372 0.558694 0.432684 0.541315 0.557179 0.598947 0.347242 0.565441 0.661006 0.941501 0.182013 0.957651 0.706424 1 0.12276 1 0.60414 1 0.283042 1 0.584243 1 0.308916 1 0.512835 0.909333 0.369887 0.968677 0.382419 1 0.393859 1
0 0.410937 0.651042 0.753125 0.697917 0.478407 0.616193 0.519742 0.558963 0.433033 0.541684 0.557516 0.599172 0.346839 0.56627 0.660462 0.935599 0.183725 0.959953 0.709572 1 0.12452 1 0.609169 1 0.287374 1 0.590677 1 0.317176 1 0.513984 0.906241 0.377673 0.972862 0.383404 1 0.393246 1
0 0.409375 0.652083 0.74375 0.695833 0.478219 0.615792 0.519545 0.558677 0.432709 0.541899 0.557404 0.599657 0.346759 0.567629 0.660041 0.938919 0.183377 0.957983 0.707359 1 0.118804 1 0.605291 1 0.278989 1 0.586271 1 0.313068 1 0.509458 0.909567 0.374188 0.972613 0.383655 1 0.39347 1
0 0.414844 0.651042 0.745313 0.697917 0.478652 0.616736 0.520018 0.559207 0.433982 0.541129 0.557062 0.59932 0.348204 0.564375 0.6602 0.933812 0.182764 0.958818 0.7115 1 0.124496 1 0.613597 1 0.290306 1 0.593099 1 0.319101 1 0.514068 0.902693 0.372582 0.974256 0.377773 1 0.395787 1
0 0.407813 0.651042 0.75625 0.697917 0.478673 0.615383 0.519697 0.558488 0.433293 0.541542 0.557394 0.597757 0.346943 0.565285 0.659166 0.937434 0.18087 0.960694 0.711608 1 0.119437 1 0.622587 1 0.289826 1 0.585026 1 0.3112 1 0.510775 0.903246 0.37979 0.975644 0.384562 1 0.387751 1
0 0.410937 0.652083 0.75625 0.695833 0.478734 0.615929 0.519823 0.558458 0.432992 0.541674 0.557567 0.599126 0.346816 0.566968 0.659218 0.943561 0.181132 0.960632 0.707965 1 0.120263 1 0.613837 1 0.28613 1 0.579418 1 0.305739 1 0.508792 0.908025 0.376024 0.974298 0.383069 1 0.391329 1
0 0.4125 0.652083 0.75 0.695833 0.47911 0.615732 0.519713 0.558681 0.433424 0.541694 0.556921 0.597555 0.346228 0.565627 0.659609 0.938302 0.182869 0.962216 0.705993 1 0.124473 1 0.600702 1 0.290297 1 0.587897 1 0.315029 1 0.508751 0.90794 0.382291 0.978024 0.382015 1 0.390227 1
0 0.414062 0.651042 0.74375 0.697917 0.479361 0.615299 0.520134 0.558439 0.434006 0.541057 0.557178 0.598073 0.347364 0.564719 0.658164 0.941698 0.181904 0.957703 0.709767 1 0.11988 1 0.614204 1 0.284156 1 0.578256 1 0.305748 1 0.508608 0.908524 0.377932 0.972007 0.386898 1 0.389633 1
0 0.417969 0.652083 0.748438 0.695833 0.478621 0.614875 0.519675 0.558509 0.433375 0.540938 0.557359 0.597965 0.347185 0.564428 0.660576 0.937823 0.184706 0.95905 0.710744 1 0.128324 1 0.613941 1 0.292168 1 0.588793 1 0.315907 1 0.511081 0.907485 0.380846 0.973378 0.386532 1 0.38801 1
0 0.410937 0.651042 0.753125 0.697917 0.478193 0.615321 0.51902 0.558624 0.433079 0.541261 0.556299 0.599271 0.34725 0.566166 0.661208 0.938668 0.181962 0.960402 0.709196 1 0.119034 1 0.610058 1 0.284517 1 0.591234 1 0.316639 1 0.510871 0.905678 0.376981 0.974081 0.380781 1 0.393437 1
0 0.407813 0.651042 0.753125 0.697917 0.478612 0.615978 0.519716 0.558513 0.433088 0.541167 0.556929 0.599042 0.346203 0.565854 0.660835 0.939723 0.178015 0.959598 0.707268 1 0.117042 1 0.605693 1 0.284023 1 0.585956 1 0.308831 1 0.512487 0.90552 0.37497 0.972668 0.382567 1 0.395853 1
0 0.40625 0.654167 0.75625 0.691667 0.479099 0.614823 0.519798 0.557446 0.431819 0.542102 0.55786 0.595684 0.342783 0.568659 0.669624 0.939685 0.196692 0.942524 0.706017 1 0.140796 1 0.612992 1 0.281517 0.99373 0.602225 1 0.32949 1 0.532739 0.92602 0.409105 0.958812 0.4343 1 0.426784 1
0 0.410937 0.652083 0.753125 0.695833 0.478078 0.615385 0.519292 0.558501 0.432242 0.541217 0.556953 0.598237 0.345033 0.565498 0.659317 0.936564 0.181617 0.9564 0.709142 1 0.119332 1 0.607489 1 0.275863 1 0.584599 1 0.31112 1 0.51042 0.907328 0.378723 0.972077 0.383666 1 0.39155 1
0 0.410937 0.652083 0.76875 0.695833 0.477668 0.61638 0.518948 0.558216 0.432003 0.540454 0.555846 0.600261 0.344846 0.566271 0.659428 0.941315 0.177901 0.960188 0.710756 1 0.113353 1 0.615363 1 0.273966 1 0.586114 1 0.309938 1 0.512501 0.906051 0.366372 0.971466 0.379268 1 0.394303 1
0 0.413281 0.651042 0.760938 0.697917 0.477102 0.616733 0.519 0.558683 0.432158 0.540366 0.556586 0.59912 0.346057 0.563393 0.657341 0.940548 0.17924 0.960309 0.710877 1 0.119672 1 0.615124 1 0.292194 1 0.582446 1 0.308475 1 0.511001 0.906137 0.370804 0.973768 0.3813 1 0.393838 1
0 0.410937 0.651042 0.75 0.697917 0.476647 0.615537 0.518535 0.558745 0.431914 0.540531 0.556583 0.598406 0.346073 0.562931 0.659891 0.938874 0.178156 0.957753 0.707911 1 0.120088 1 0.605266 1 0.283278 1 0.583899 1 0.307172 1 0.510972 0.905218 0.375476 0.971362 0.383939 1 0.389752 1
0 0.409375 0.651042 0.759375 0.697917 0.477413 0.616024 0.518809 0.558199 0.431759 0.540647 0.55636 0.599608 0.345234 0.565889 0.658754 0.947047 0.179262 0.961418 0.709248 1 0.118829 1 0.612724 1 0.282047 1 0.578422 1 0.30417 1 0.509283 0.9108 0.376223 0.973506 0.384442 1 0.396117 1
0 0.411719 0.652083 0.739062 0.695833 0.477704 0.615821 0.518907 0.558252 0.432168 0.540875 0.556445 0.597888 0.345578 0.564611 0.657653 0.942279 0.182899 0.959983 0.708571 1 0.128709 1 0.609225 1 0.295009 1 0.579187 1 0.307245 1 0.509689 0.910057 0.378615 0.971681 0.387353 1 0.392764 1
0 0.411719 0.651042 0.739062 0.697917 0.477393 0.616021 0.519211 0.558543 0.432294 0.540941 0.557381 0.597616 0.346322 0.56363 0.659149 0.937786 0.181465 0.957709 0.703655 1 0.125174 1 0.599639 1 0.288581 1 0.584363 1 0.309691 1 0.510945 0.90682 0.37503 0.971852 0.383268 1 0.388931 1
0 0.4125 0.652083 0.740625 0.695833 0.477489 0.615874 0.518904 0.55892 0.432407 0.540866 0.556731 0.598219 0.346161 0.563657 0.660276 0.939648 0.183442 0.960999 0.707873 1 0.126053 1 0.606205 1 0.287293 1 0.589514 1 0.316063 1 0.509046 0.911737 0.377571 0.975646 0.382917 1 0.387001 1
0 0.413281 0.651042 0.745313 0.697917 0.477368 0.615738 0.518764 0.558659 0.432009 0.541349 0.556999 0.599017 0.346627 0.565729 0.661915 0.939294 0.182432 0.957079 0.707458 1 0.124246 1 0.608904 1 0.287447 1 0.588434 1 0.312925 1 0.512757 0.907305 0.376797 0.968665 0.38508 1 0.393976 1
0 0.410156 0.651042 0.757812 0.697917 0.477821 0.615934 0.519506 0.558766 0.432504 0.54115 0.557307 0.599663 0.346414 0.565656 0.658848 0.937072 0.1809 0.95529 0.710834 1 0.117624 1 0.615848 1 0.277105 1 0.582032 1 0.307934 1 0.511745 0.905917 0.371084 0.969616 0.382348 1 0.39185 1
0 0.408594 0.652083 0.748438 0.695833 0.47745 0.615055 0.519268 0.559211 0.432344 0.54117 0.557437 0.599907 0.346008 0.565048 0.660911 0.93816 0.17956 0.956504 0.708187 1 0.117329 1 0.604282 1 0.280176 1 0.586251 1 0.309943 1 0.508317 0.908081 0.375994 0.973053 0.384928 1 0.389433 1
0 0.4125 0.652083 0.746875 0.695833 0.477843 0.615353 0.519553 0.559185 0.432828 0.541313 0.557746 0.599314 0.346576 0.564573 0.65958 0.94246 0.178934 0.961243 0.710732 1 0.117686 1 0.61161 1 0.287469 1 0.581863 1 0.306411 1 0.508694 0.908718 0.378869 0.97725 0.387978 1 0.385746 1
0 0.411719 0.651042 0.751562 0.697917 0.478024 0.615416 0.519276 0.559433 0.432606 0.541709 0.556959 0.599261 0.345577 0.565245 0.659207 0.938276 0.181351 0.956389 0.708857 1 0.119329 1 0.61117 1 0.280789 1 0.584944 1 0.310845 1 0.507987 0.906354 0.376366 0.971028 0.387713 1 0.38518 1
0 0.413281 0.651042 0.742188 0.697917 0.477312 0.615719 0.519187 0.559068 0.432315 0.540974 0.557418 0.598722 0.346404 0.563505 0.658925 0.939528 0.180953 0.956716 0.709393 1 0.120582 1 0.612093 1 0.288992 1 0.582711 1 0.308243 1 0.509426 0.909552 0.373791 0.973305 0.386695 1 0.386723 1
0 0.409375 0.652083 0.75 0.695833 0.477587 0.616046 0.518864 0.559904 0.432315 0.542273 0.556683 0.60082 0.346001 0.567008 0.661341 0.945351 0.178324 0.963529 0.706308 1 0.121915 1 0.605324 1 0.289494 1 0.583239 1 0.30603 1 0.507509 0.910583 0.379471 0.976503 0.385407 1 0.389577 1
0 0.414844 0.651042 0.732813 0.697917 0.477086 0.616013 0.518809 0.559186 0.431806 0.541135 0.556801 0.600971 0.345866 0.566289 0.65967 0.941559 0.183913 0.960146 0.706138 1 0.128837 1 0.601494 1 0.294598 1 0.586959 1 0.313849 1 0.507878 0.909772 0.374631 0.971562 0.384056 1 0.394423 1
0 0.411719 0.652083 0.754687 0.695833 0.478082 0.616683 0.519295 0.559494 0.432841 0.541615 0.556581 0.599452 0.346091 0.564797 0.659047 0.938858 0.178023 0.956987 0.709844 1 0.114482 1 0.610431 1 0.283341 1 0.583619 1 0.307462 1 0.512208 0.906851 0.371324 0.972972 0.383784 1 0.389953 1
0 0.415625 0.652083 0.753125 0.695833 0.477726 0.616335 0.519024 0.559872 0.432716 0.542017 0.556654 0.600228 0.346736 0.565854 0.659565 0.935593 0.182456 0.958225 0.714982 1 0.121314 1 0.621491 1 0.287202 1 0.588058 1 0.314566 1 0.511522 0.904779 0.37426 0.972195 0.38369 1 0.38898 1
0 0.409375 0.651042 0.75625 0.697917 0.47781 0.616719 0.519186 0.559535 0.431997 0.542712 0.557678 0.5984 0.345559 0.566095 0.659917 0.941375 0.180091 0.956775 0.708873 1 0.10948 1 0.611732 1 0.273975 1 0.582187 1 0.307703 1 0.508428 0.911814 0.376445 0.974228 0.386507 1 0.387525 1
0 0.4125 0.651042 0.75625 0.697917 0.477744 0.617804 0.519503 0.559478 0.432452 0.541941 0.557289 0.598877 0.345858 0.565055 0.658062 0.944067 0.179981 0.965502 0.710185 1 0.124197 1 0.615355 1 0.288889 1 0.580559 1 0.307186 1 0.50996 0.910457 0.378446 0.980313 0.383985 1 0.393719 1
0 0.413281 0.65 0.754687 0.7 0.477163 0.616219 0.519252 0.560416 0.432332 0.541865 0.557715 0.600056 0.346415 0.563843 0.657824 0.940205 0.183032 0.955701 0.709793 1 0.122511 1 0.610807 1 0.283322 1 0.581119 1 0.30934 1 0.506878 0.907618 0.380166 0.969528 0.389176 1 0.38785 1
0 0.416406 0.651042 0.748438 0.697917 0.477091 0.616677 0.51872 0.559656 0.4318 0.541788 0.556817 0.597939 0.345242 0.563547 0.658548 0.938574 0.181448 0.957608 0.708478 1 0.122938 1 0.604725 1 0.288169 1 0.583988 1 0.310837 1 0.509449 0.90762 0.381111 0.973696 0.385073 1 0.391431 1
0 0.414844 0.651042 0.754687 0.697917 0.476854 0.617138 0.518689 0.559494 0.43203 0.541329 0.556471 0.599712 0.34644 0.564421 0.658391 0.940942 0.182559 0.959218 0.710478 1 0.124466 1 0.61249 1 0.28607 1 0.583889 1 0.311521 1 0.510186 0.908493 0.375238 0.970909 0.383295 1 0.395617 1
0 0.413281 0.651042 0.757812 0.697917 0.47693 0.617303 0.518684 0.559754 0.431849 0.541631 0.556406 0.599756 0.345624 0.564661 0.658961 0.935246 0.180721 0.956781 0.711968 1 0.120448 1 0.615388 1 0.285252 1 0.588296 1 0.313754 1 0.513809 0.904433 0.371516 0.971035 0.382335 1 0.393083 1
0 0.416406 0.651042 0.739062 0.697917 0.476817 0.617262 0.518109 0.559952 0.431826 0.541878 0.555633 0.598564 0.345468 0.563786 0.659953 0.938594 0.181531 0.960008 0.711252 1 0.126797 1 0.611359 1 0.294193 1 0.589071 1 0.314552 1 0.512085 0.90931 0.377925 0.974075 0.385913 1 0.392613 1
0 0.410937 0.652083 0.75625 0.695833 0.476732 0.616092 0.517944 0.559507 0.431353 0.541818 0.555324 0.600301 0.344285 0.566437 0.659447 0.946797 0.176454 0.964641 0.708555 1 0.118755 1 0.606761 1 0.284546 1 0.579875 1 0.303266 1 0.507115 0.9131 0.380136 0.978414 0.385757 1 0.391184 1
0 0.415625 0.651042 0.74375 0.697917 0.476429 0.617523 0.517913 0.559897 0.430996 0.542189 0.555933 0.599156 0.344994 0.565049 0.658499 0.945875 0.179917 0.959437 0.704848 1 0.125813 1 0.603472 1 0.292082 1 0.577528 1 0.303273 1 0.509877 0.911138 0.381243 0.971656 0.385704 1 0.396599 1
0 0.4125 0.651042 0.753125 0.697917 0.476313 0.616814 0.518085 0.559311 0.431118 0.54142 0.556311 0.599945 0.345738 0.565363 0.658416 0.937185 0.183074 0.956799 0.70851 1 0.11973 1 0.614014 1 0.28186 1 0.589161 1 0.316667 1 0.512314 0.906048 0.372833 0.969138 0.382438 1 0.394449 1
0 0.410937 0.651042 0.75625 0.697917 0.476406 0.616301 0.51793 0.560328 0.43109 0.542083 0.556038 0.598907 0.34397 0.563986 0.658592 0.934937 0.181244 0.957117 0.709324 1 0.118918 1 0.61033 1 0.283337 1 0.589757 1 0.31595 1 0.509278 0.906232 0.378677 0.97147 0.385888 1 0.382632 1
0 0.416406 0.652083 0.748438 0.695833 0.476024 0.617516 0.517418 0.559672 0.431388 0.54202 0.554951 0.599225 0.346447 0.56521 0.659959 0.93394 0.182438 0.956951 0.708392 1 0.124128 1 0.606984 1 0.284643 1 0.592155 1 0.317447 1 0.51552 0.905 0.371343 0.968337 0.380032 1 0.396182 1
0 0.414844 0.652083 0.754687 0.695833 0.475815 0.616716 0.517641 0.559794 0.431085 0.541817 0.555722 0.59967 0.345718 0.564962 0.657473 0.938852 0.18324 0.961805 0.71229 1 0.12867 1 0.619995 1 0.292977 1 0.584653 1 0.313275 1 0.511004 0.908992 0.381432 0.973547 0.387354 1 0.394475 1
0 0.411719 0.651042 0.745313 0.697917 0.476421 0.617676 0.518111 0.560327 0.431112 0.542378 0.556259 0.599023 0.344958 0.564335 0.65943 0.939557 0.182069 0.95547 0.709778 1 0.121626 1 0.611755 1 0.27892 1 0.585667 1 0.312302 1 0.511827 0.912165 0.379461 0.970212 0.387867 1 0.395969 1
0 0.414844 0.651042 0.751562 0.697917 0.476124 0.617443 0.518059 0.561171 0.43129 0.542501 0.556249 0.600792 0.345452 0.564627 0.658813 0.93798 0.183353 0.956419 0.711354 1 0.126453 1 0.611648 1 0.285087 1 0.586594 1 0.314203 1 0.510595 0.908144 0.380015 0.96997 0.386236 1 0.392569 1
0 0.414844 0.651042 0.754687 0.697917 0.475255 0.617751 0.517182 0.56436 0.431168 0.544628 0.555239 0.604844 0.345094 0.566359 0.658656 0.940186 0.179459 0.958612 0.711774 1 0.118755 1 0.616367 1 0.281836 1 0.587126 1 0.312028 1 0.506054 0.907483 0.379124 0.973123 0.389491 1 0.37846 1
0 0.410156 0.651042 0.754687 0.697917 0.474893 0.618989 0.51707 0.564332 0.430087 0.546736 0.556957 0.600038 0.344553 0.565857 0.65838 0.94005 0.182298 0.957122 0.710624 1 0.11999 1 0.613331 1 0.279864 1 0.579631 1 0.307819 1 0.502682 0.911502 0.390812 0.973378 0.393244 1 0.377469 1
0 0.4125 0.652083 0.753125 0.695833 0.473928 0.618921 0.516073 0.562724 0.428652 0.546439 0.556607 0.596704 0.343683 0.565067 0.658124 0.940338 0.180931 0.954198 0.71081 1 0.115287 1 0.619972 1 0.273388 1 0.573797 1 0.300885 1 0.503561 0.913503 0.384605 0.973697 0.395011 1 0.373784 1
0 0.413281 0.653125 0.751562 0.69375 0.471178 0.618676 0.515129 0.565188 0.427263 0.546638 0.557108 0.603959 0.344245 0.567083 0.658581 0.935031 0.181641 0.956786 0.714409 1 0.117099 1 0.628569 1 0.281689 1 0.586682 1 0.313339 1 0.505369 0.906739 0.383697 0.974672 0.392509 1 0.374348 1
0 0.408594 0.652083 0.748438 0.695833 0.464418 0.618581 0.510012 0.566648 0.422289 0.547881 0.554471 0.610165 0.344603 0.57179 0.658969 0.942801 0.18247 0.958071 0.708926 1 0.119688 1 0.613693 1 0.280214 1 0.583894 1 0.31006 1 0.499883 0.910196 0.378002 0.970669 0.388943 1 0.378226 1
0 0.407813 0.651042 0.765625 0.697917 0.456615 0.618639 0.505306 0.565871 0.416025 0.547098 0.554926 0.609479 0.343305 0.569283 0.659516 0.946446 0.180261 0.956499 0.706014 1 0.108966 1 0.609197 1 0.263038 1 0.581568 1 0.306322 1 0.496355 0.911891 0.373426 0.968443 0.38561 1 0.374958 1
0 0.408594 0.653125 0.739062 0.69375 0.448653 0.615977 0.499259 0.562024 0.409342 0.545028 0.552308 0.610148 0.341539 0.572268 0.659834 0.945381 0.182496 0.956777 0.703239 1 0.119172 1 0.602374 1 0.272735 1 0.584898 1 0.309699 1 0.497624 0.91022 0.368097 0.961694 0.383228 1 0.389312 1
0 0.409375 0.653125 0.7625 0.69375 0.436965 0.615533 0.490665 0.558185 0.399991 0.543606 0.550884 0.607083 0.339519 0.571413 0.658504 0.947457 0.183054 0.95574 0.704151 1 0.113462 1 0.60915 1 0.263437 1 0.579437 1 0.305227 1 0.497122 0.912445 0.355597 0.958358 0.37885 1 0.387979 1
0 0.402344 0.654167 0.739062 0.691667 0.430308 0.608484 0.482138 0.55573 0.394191 0.545887 0.545959 0.602609 0.338591 0.576201 0.662928 0.943459 0.185667 0.948184 0.703008 1 0.10636 1 0.599528 1 0.271239 0.995475 0.579445 1 0.302617 1 0.498552 0.926991 0.366943 0.961753 0.402503 1 0.347719 1
0 0.402344 0.651042 0.742188 0.697917 0.422401 0.607731 0.475873 0.554512 0.38764 0.546126 0.544142 0.60177 0.335498 0.577022 0.657833 0.936549 0.186989 0.948006 0.701611 1 0.103758 1 0.599178 1 0.275312 0.994889 0.58017 1 0.307872 1 0.498123 0.92253 0.37222 0.96449 0.40357 1 0.352134 1
0 0.404687 0.65 0.734375 0.7 0.414443 0.606583 0.468817 0.552628 0.381105 0.546362 0.541124 0.602207 0.332835 0.580476 0.659664 0.940734 0.185863 0.947287 0.69846 1 0.101372 1 0.586325 1 0.270517 0.986869 0.579269 1 0.304788 1 0.493779 0.916308 0.367242 0.95075 0.399746 1 0.352355 1
0 0.400781 0.648958 0.751562 0.702083 0.407585 0.604512 0.462746 0.550341 0.374758 0.544619 0.539214 0.596166 0.328293 0.57494 0.65583 0.944791 0.182773 0.946256 0.699536 1 0.0931175 1 0.595816 1 0.253357 0.991116 0.564346 1 0.292135 1 0.489271 0.923794 0.379417 0.956281 0.407766 1 0.341307 1
0 0.408594 0.647917 0.735937 0.704167 0.40281 0.604905 0.457847 0.55053 0.368538 0.547227 0.537216 0.593149 0.321467 0.577819 0.65331 0.938881 0.184408 0.942823 0.700614 1 0.104822 1 0.572676 1 0.273687 0.962683 0.566351 1 0.290131 1 0.516827 0.930045 0.369545 0.963928 0.454995 1 0.321193 1
0 0.403906 0.648958 0.742188 0.702083 0.398917 0.605401 0.453055 0.548601 0.364295 0.548319 0.532867 0.590802 0.319285 0.581341 0.653087 0.945407 0.181589 0.948202 0.694238 1 0.0943046 1 0.58758 1 0.263199 0.981384 0.557646 1 0.286452 1 0.492615 0.926057 0.392422 0.95526 0.415967 1 0.346042 1
0 0.400781 0.648958 0.751562 0.702083 0.393478 0.607003 0.447589 0.549056 0.359997 0.549863 0.530396 0.587868 0.317881 0.580828 0.653317 0.937284 0.182824 0.954287 0.693021 1 0.0925114 1 0.581798 1 0.265515 0.985429 0.56863 1 0.297792 1 0.492112 0.92197 0.389393 0.965116 0.406316 1 0.334598 1
0 0.410937 0.647917 0.753125 0.704167 0.389362 0.606683 0.443727 0.547923 0.355246 0.550169 0.528458 0.587512 0.31315 0.583263 0.652501 0.939756 0.184699 0.951468 0.703505 1 0.108387 1 0.5874 1 0.273805 0.967464 0.567544 1 0.292011 1 0.521795 0.931858 0.371344 0.963355 0.45799 1 0.320953 1
0 0.403906 0.645833 0.742188 0.708333 0.385855 0.607102 0.439939 0.548626 0.352028 0.550999 0.525791 0.585632 0.31041 0.58186 0.651677 0.941609 0.182455 0.950715 0.700029 1 0.102861 1 0.570374 1 0.263961 0.960456 0.562709 1 0.285858 1 0.518354 0.93425 0.370635 0.962626 0.459635 1 0.307003 1
0 0.407813 0.647917 0.740625 0.704167 0.383413 0.607549 0.436969 0.54761 0.348954 0.550845 0.521572 0.58423 0.307471 0.582474 0.648027 0.937103 0.18006 0.952943 0.69464 1 0.0991228 1 0.583972 1 0.271683 0.993748 0.557619 1 0.286834 1 0.500241 0.924884 0.391322 0.949819 0.42322 1 0.333556 1
0 0.405469 0.647917 0.754687 0.704167 0.382249 0.608555 0.435163 0.547453 0.34663 0.552208 0.518795 0.584245 0.304491 0.586108 0.649191 0.940275 0.176437 0.956759 0.695707 1 0.0967186 1 0.590185 1 0.267481 0.98317 0.558416 1 0.284592 1 0.498688 0.928261 0.385216 0.954387 0.416385 1 0.331901 1
0 0.403906 0.648958 0.754687 0.702083 0.381546 0.610033 0.434568 0.548528 0.345469 0.552746 0.518154 0.583132 0.302541 0.584533 0.649222 0.937333 0.176718 0.95677 0.696849 1 0.096713 1 0.588872 1 0.263921 0.990383 0.561099 1 0.287715 1 0.497516 0.929691 0.385271 0.955199 0.414378 1 0.329962 1
0 0.403125 0.648958 0.75 0.702083 0.382937 0.610557 0.435285 0.547885 0.346109 0.552321 0.51672 0.58306 0.302243 0.585286 0.650501 0.942522 0.175353 0.956574 0.694897 1 0.0970684 1 0.583566 1 0.261844 0.994325 0.560766 1 0.285 1 0.498075 0.935911 0.37678 0.953533 0.412543 1 0.334949 1
0 0.403906 0.65 0.739062 0.7 0.385919 0.612229 0.437054 0.548702 0.348199 0.554048 0.516835 0.581938 0.303653 0.586696 0.650389 0.947196 0.17926 0.95669 0.695275 1 0.101922 1 0.584761 1 0.260518 0.989223 0.555225 1 0.282758 1 0.497462 0.941712 0.381019 0.953856 0.415407 1 0.339221 1
0 0.403125 0.648958 0.740625 0.702083 0.390858 0.612151 0.441165 0.550349 0.352565 0.553012 0.516618 0.582754 0.305111 0.583651 0.652254 0.941547 0.178359 0.959925 0.701055 1 0.107576 1 0.589417 1 0.269018 1 0.565034 1 0.291413 1 0.498982 0.938745 0.387352 0.956114 0.411294 1 0.344546 1
0 0.410156 0.647917 0.735937 0.704167 0.396755 0.61283 0.445871 0.550532 0.356319 0.553168 0.517795 0.581708 0.305143 0.5837 0.648615 0.944561 0.180166 0.958761 0.698993 1 0.113215 1 0.594001 1 0.279081 1 0.555476 1 0.285806 1 0.496371 0.939535 0.388952 0.954739 0.414083 1 0.346949 1
0 0.40625 0.65 0.74375 0.7 0.404729 0.609963 0.452008 0.549456 0.362379 0.55233 0.518638 0.585291 0.307485 0.589449 0.651897 0.940412 0.178488 0.962167 0.702737 1 0.108042 1 0.596711 1 0.268688 1 0.565038 1 0.292243 1 0.500538 0.937431 0.386035 0.957663 0.409803 1 0.353192 1
0 0.40625 0.647917 0.74375 0.704167 0.412848 0.608005 0.459292 0.549935 0.369424 0.54957 0.521658 0.587615 0.309967 0.586713 0.652289 0.934412 0.181289 0.960943 0.702697 1 0.114824 1 0.595226 1 0.277553 1 0.574115 1 0.302118 1 0.502048 0.93062 0.38603 0.953888 0.409553 1 0.349471 1
0 0.407813 0.648958 0.74375 0.702083 0.423012 0.607082 0.46679 0.550289 0.377939 0.549181 0.523219 0.588935 0.313168 0.587899 0.654881 0.93909 0.176251 0.960932 0.700267 1 0.105047 1 0.58617 1 0.27559 0.995746 0.573785 1 0.297685 1 0.498666 0.930573 0.38407 0.959415 0.404872 1 0.352905 1
0 0.402344 0.651042 0.748438 0.697917 0.431626 0.603565 0.474148 0.549042 0.386225 0.544815 0.525779 0.592597 0.317233 0.586084 0.656257 0.939511 0.175942 0.962261 0.705721 1 0.105318 1 0.601446 1 0.272065 1 0.579771 1 0.30263 1 0.501937 0.929504 0.380738 0.961238 0.405193 1 0.354595 1
0 0.411719 0.652083 0.726562 0.695833 0.439664 0.602161 0.481798 0.549998 0.394487 0.542202 0.530394 0.596382 0.322084 0.582895 0.657853 0.939718 0.178673 0.959518 0.703732 1 0.113372 1 0.585376 1 0.285354 0.999803 0.583088 1 0.305616 1 0.502998 0.933491 0.378336 0.96145 0.406733 1 0.352799 1
0 0.413281 0.652083 0.754687 0.695833 0.446871 0.605372 0.490468 0.551406 0.400924 0.54063 0.538036 0.599404 0.324998 0.579767 0.653731 0.93831 0.179917 0.962457 0.710355 1 0.115609 1 0.610176 1 0.278135 1 0.582765 1 0.310456 1 0.5047 0.914499 0.382364 0.958866 0.396644 1 0.37899 1
0 0.4125 0.652083 0.746875 0.695833 0.455417 0.604644 0.497409 0.552662 0.408488 0.541325 0.542395 0.598769 0.328379 0.578923 0.654409 0.940281 0.179729 0.962123 0.711926 1 0.113973 1 0.614137 1 0.275954 1 0.574506 1 0.302826 1 0.501091 0.914772 0.393191 0.964822 0.401182 1 0.37006 1
0 0.40625 0.651042 0.75625 0.697917 0.46083 0.60416 0.502974 0.552217 0.41391 0.539023 0.546126 0.600028 0.331039 0.575833 0.650777 0.948033 0.175171 0.964165 0.705985 1 0.108385 1 0.610275 1 0.280562 1 0.563201 1 0.291561 1 0.496601 0.914546 0.39219 0.970987 0.401389 1 0.372495 1
0 0.407031 0.651042 0.751562 0.697917 0.465511 0.605392 0.507278 0.552643 0.418468 0.538657 0.549441 0.5973 0.334085 0.57169 0.654631 0.949465 0.176106 0.963963 0.708295 1 0.110676 1 0.611902 1 0.277694 1 0.566149 1 0.293016 1 0.499447 0.917887 0.395821 0.974692 0.401989 1 0.372374 1
0 0.410156 0.651042 0.748438 0.697917 0.4706 0.605416 0.511959 0.55427 0.423223 0.539641 0.55346 0.598521 0.337059 0.572093 0.658054 0.94127 0.181646 0.959227 0.709806 1 0.114788 1 0.611539 1 0.276016 1 0.575918 1 0.303495 1 0.497706 0.91382 0.39399 0.973204 0.400171 1 0.363774 1
0 0.416406 0.651042 0.751562 0.697917 0.474307 0.610618 0.515453 0.557951 0.427022 0.543486 0.556858 0.596425 0.340313 0.569942 0.658791 0.942948 0.182306 0.961321 0.712113 1 0.116552 1 0.621279 1 0.28518 1 0.573374 1 0.301881 1 0.499724 0.913897 0.403258 0.97954 0.403675 1 0.364908 1
0 0.410937 0.651042 0.74375 0.697917 0.478949 0.616315 0.519077 0.562154 0.432274 0.546872 0.558701 0.594497 0.344153 0.56604 0.660203 0.945067 0.18398 0.959243 0.712462 1 0.120581 1 0.612674 1 0.289662 1 0.574198 1 0.303376 1 0.503554 0.920312 0.409324 0.9829 0.406441 1 0.368415 1
0 0.407031 0.653125 0.757812 0.69375 0.481836 0.618032 0.52172 0.564429 0.434088 0.549627 0.561095 0.596262 0.342646 0.570222 0.669005 0.945829 0.195528 0.944805 0.711172 1 0.133564 1 0.628729 1 0.281246 0.996667 0.592779 1 0.320312 1 0.535126 0.940982 0.435818 0.97272 0.467343 1 0.397271 1
0 0.425781 0.652083 0.789062 0.695833 0.483602 0.625726 0.523997 0.566101 0.434049 0.550587 0.563233 0.594616 0.34249 0.56921 0.653618 0.935415 0.191015 0.94155 0.717573 1 0.133607 1 0.61547 1 0.289396 1 0.562079 1 0.292763 1 0.528447 0.901935 0.396061 0.973086 0.442452 1 0.400165 1
0 0.425 0.652083 0.796875 0.695833 0.483906 0.619859 0.522968 0.56694 0.437618 0.552334 0.562619 0.597095 0.348032 0.569344 0.65288 0.942061 0.185538 0.963107 0.723921 1 0.102828 1 0.651642 1 0.281659 1 0.566798 1 0.29963 1 0.513957 0.903175 0.396835 0.988147 0.434136 1 0.321962 1
0 0.397656 0.652083 0.754687 0.695833 0.483328 0.620359 0.523099 0.565716 0.437321 0.549328 0.559379 0.600698 0.346643 0.569429 0.596839 0.865509 0.208369 0.920473 0.728033 0.912218 0.114544 1 0.738942 0.906203 0.29379 0.990622 0.533235 1 0.304877 1 0.586407 0.871098 0.358787 0.967689 0.497299 0.880798 0.339077 0.948853
0 0.4375 0.651042 0.84375 0.697917 0.484003 0.615179 0.522659 0.563269 0.435219 0.550292 0.565 0.591484 0.35036 0.566677 0.654047 0.900619 0.221474 0.870691 0.78543 1 0.0895307 1 0.74299 0.980102 0.217857 0.981717 0.56341 1 0.312513 1 0.571442 0.960198 0.379342 0.943484 0.53797 0.907564 0.392739 0.912049
0 0.438281 0.65 0.845312 0.7 0.48177 0.612523 0.521535 0.560097 0.434605 0.547791 0.56407 0.588933 0.350708 0.565347 0.659608 0.911574 0.207825 0.895283 0.798665 1 0.0813766 1 0.750417 0.975888 0.211549 0.98579 0.558406 1 0.296873 1 0.547572 0.961482 0.361762 0.979119 0.503318 0.918934 0.36608 0.934009
0 0.435156 0.648958 0.829687 0.702083 0.480804 0.610059 0.521702 0.556964 0.433522 0.544161 0.564456 0.588702 0.349489 0.564254 0.65501 0.911704 0.209372 0.896425 0.797578 1 0.0910226 1 0.742416 0.969399 0.199542 0.984613 0.5469 1 0.289363 1 0.547335 0.975361 0.360892 0.994079 0.495021 0.914551 0.370676 0.92841
0 0.417969 0.65 0.810938 0.7 0.480702 0.607485 0.521742 0.553861 0.432512 0.541557 0.563101 0.584772 0.345198 0.563143 0.651522 0.9001 0.212613 0.884619 0.771033 1 0.106031 1 0.737156 0.992594 0.165673 0.971028 0.54697 1 0.288721 1 0.584965 0.973157 0.379378 0.978321 0.531472 0.955281 0.381762 0.960588
0 0.414062 0.651042 0.80625 0.697917 0.479709 0.605953 0.520937 0.553052 0.431642 0.541152 0.562977 0.584844 0.345238 0.563683 0.64729 0.901363 0.213666 0.883393 0.757373 1 0.105281 1 0.719601 0.9896 0.171461 0.970857 0.542313 1 0.288072 1 0.578895 0.962802 0.388315 0.966003 0.535494 0.965153 0.386602 0.968348
0 0.409375 0.65 0.790625 0.7 0.47915 0.606209 0.520577 0.553357 0.430632 0.541628 0.563525 0.585203 0.344429 0.564644 0.641614 0.899465 0.219346 0.888422 0.74794 1 0.111602 1 0.713602 0.992093 0.173808 0.97615 0.544867 1 0.298245 1 0.581247 0.958494 0.399305 0.96845 0.535856 0.969695 0.381941 0.980952
0 0.414062 0.648958 0.7875 0.702083 0.477 0.606827 0.519304 0.553455 0.429405 0.540512 0.563309 0.590832 0.347158 0.565666 0.635154 0.901602 0.213731 0.891425 0.745364 1 0.0844011 1 0.705424 0.973489 0.196915 0.988001 0.545338 1 0.30133 1 0.546747 0.953445 0.357276 0.983254 0.483851 0.931013 0.370897 0.957827
0 0.410156 0.651042 0.773438 0.697917 0.476795 0.607518 0.51665 0.554235 0.428633 0.54302 0.559494 0.588413 0.346192 0.567452 0.632103 0.887189 0.222513 0.883213 0.743035 1 0.0939581 1 0.703717 0.981513 0.203241 0.981505 0.554388 1 0.313924 1 0.575589 0.977975 0.352875 0.997619 0.513874 0.919823 0.356978 0.950388
0 0.410937 0.652083 0.778125 0.695833 0.474384 0.605505 0.514905 0.553996 0.426042 0.543428 0.559964 0.590385 0.345335 0.57061 0.638987 0.896401 0.222014 0.884884 0.751938 1 0.0898106 1 0.704682 0.983159 0.198103 0.985225 0.551834 1 0.30745 1 0.57206 0.987895 0.357092 0.988795 0.523272 0.934294 0.352905 0.954798
0 0.4125 0.65 0.790625 0.7 0.471769 0.609785 0.513978 0.555737 0.423558 0.54311 0.558982 0.59385 0.342126 0.569879 0.644611 0.910612 0.208327 0.896225 0.758265 1 0.0802555 1 0.707606 0.975243 0.189966 0.991725 0.551994 1 0.299162 1 0.545186 0.964304 0.349731 0.972276 0.482112 0.948986 0.37281 0.961524
0 0.4125 0.65 0.790625 0.7 0.469401 0.61091 0.511283 0.557265 0.422099 0.544883 0.556043 0.593779 0.341745 0.570038 0.645385 0.91095 0.203112 0.898348 0.761132 1 0.0786434 1 0.713347 0.977623 0.192946 0.990088 0.54995 1 0.293208 1 0.544223 0.966259 0.349729 0.977788 0.480149 0.946421 0.371701 0.957747
0 0.415625 0.651042 0.79375 0.697917 0.46593 0.611176 0.508511 0.560213 0.418902 0.546706 0.554768 0.593993 0.338037 0.568262 0.646927 0.91428 0.201972 0.900515 0.768267 1 0.08206 1 0.722679 0.977845 0.179446 0.993766 0.546666 1 0.288792 1 0.536502 0.972295 0.361284 0.976411 0.492634 0.944272 0.356176 0.953128
0 0.430469 0.651042 0.810938 0.697917 0.463931 0.612581 0.506615 0.561432 0.416074 0.547929 0.554624 0.595463 0.336369 0.570069 0.653591 0.91249 0.211832 0.892856 0.783127 1 0.0926944 1 0.729078 0.991396 0.174326 0.998434 0.558347 1 0.301534 1 0.544851 0.970809 0.359006 0.950109 0.510402 0.941151 0.358259 0.946979
0 0.438281 0.651042 0.826563 0.697917 0.462475 0.615921 0.504591 0.562859 0.415086 0.548987 0.550001 0.599389 0.334334 0.572672 0.647765 0.91637 0.201919 0.901959 0.782693 1 0.0823471 1 0.735233 0.985877 0.178048 0.997988 0.558199 1 0.301005 1 0.547402 0.969421 0.360479 0.96598 0.495526 0.944057 0.38512 0.957111
0 0.452344 0.652083 0.832812 0.695833 0.460322 0.618869 0.502314 0.565961 0.412497 0.552958 0.547942 0.600648 0.331341 0.575122 0.64366 0.915672 0.198631 0.908435 0.79203 1 0.0674736 1 0.801058 0.931756 0.195695 0.998426 0.562809 1 0.307667 1 0.529707 0.971863 0.351597 0.992964 0.479328 0.963105 0.369328 1
0 0.422656 0.652083 0.789062 0.695833 0.459635 0.620394 0.501037 0.568065 0.412288 0.553826 0.544564 0.599111 0.327874 0.572294 0.642955 0.926893 0.188417 0.92158 0.740462 1 0.0805237 1 0.669272 1 0.206945 1 0.561397 1 0.302171 1 0.508449 0.943336 0.375586 0.969418 0.440549 1 0.361579 1
0 0.426562 0.653125 0.784375 0.69375 0.459153 0.618988 0.499612 0.568064 0.411875 0.554162 0.542074 0.600179 0.32587 0.574906 0.638373 0.931793 0.187105 0.935674 0.7414 1 0.0876172 1 0.665123 1 0.218284 1 0.554183 1 0.297704 1 0.506634 0.940836 0.387036 0.976185 0.445291 1 0.348967 1
0 0.419531 0.654167 0.798437 0.691667 0.458192 0.618282 0.499833 0.566568 0.410283 0.551381 0.542234 0.601628 0.321103 0.57402 0.641779 0.939988 0.172351 0.954286 0.74225 1 0.0876359 1 0.68629 1 0.225547 1 0.554522 1 0.287464 1 0.503159 0.92956 0.386799 0.980953 0.432239 1 0.34039 1
0 0.421094 0.652083 0.804688 0.695833 0.457697 0.616662 0.498958 0.564135 0.409815 0.5503 0.541986 0.595768 0.320738 0.571075 0.646927 0.939206 0.167858 0.962259 0.741217 1 0.0990426 1 0.675207 1 0.25417 1 0.558668 1 0.286038 1 0.504248 0.921707 0.401369 0.979576 0.429715 1 0.340592 1
0 0.422656 0.651042 0.801562 0.697917 0.45693 0.614613 0.498757 0.561483 0.409343 0.547751 0.542124 0.594115 0.321958 0.569472 0.648455 0.93953 0.16779 0.963428 0.744368 1 0.105014 1 0.685158 1 0.265341 1 0.554742 1 0.281997 1 0.504691 0.92273 0.406987 0.976842 0.427354 1 0.35471 1
0 0.425 0.648958 0.796875 0.702083 0.456342 0.61358 0.498721 0.561092 0.40866 0.546594 0.542871 0.596428 0.321635 0.570015 0.648579 0.93791 0.170378 0.964782 0.746752 1 0.116952 1 0.694034 1 0.288659 1 0.560175 1 0.287673 1 0.508664 0.91874 0.405565 0.976789 0.430062 1 0.352047 1
0 0.425781 0.651042 0.804688 0.697917 0.456871 0.617985 0.498919 0.561621 0.406497 0.546276 0.541916 0.597898 0.316769 0.574193 0.639891 0.92954 0.182363 0.945006 0.739041 1 0.137814 1 0.671597 1 0.272175 1 0.554575 1 0.288446 1 0.520009 0.909585 0.389784 0.966956 0.45297 1 0.388597 1
0 0.426562 0.647917 0.809375 0.704167 0.45667 0.618001 0.499254 0.560983 0.406459 0.544839 0.5426 0.596938 0.31667 0.571364 0.641135 0.930573 0.180926 0.946086 0.740734 1 0.136681 1 0.679113 0.999356 0.274501 1 0.556274 1 0.289303 1 0.517504 0.912111 0.389584 0.969379 0.446634 1 0.391892 1
0 0.426562 0.646875 0.809375 0.70625 0.458137 0.618437 0.500344 0.560235 0.407133 0.544564 0.543137 0.597275 0.31653 0.573023 0.643562 0.934453 0.178769 0.949546 0.745416 1 0.135938 1 0.686044 0.995919 0.275051 1 0.554612 1 0.284967 1 0.520738 0.911384 0.387249 0.967264 0.446345 1 0.39585 1
0 0.427344 0.645833 0.814062 0.708333 0.458404 0.617825 0.500908 0.559647 0.407712 0.543245 0.543314 0.595926 0.316657 0.570122 0.641761 0.930808 0.178865 0.947387 0.746826 1 0.136892 1 0.692719 0.988758 0.273967 1 0.554257 1 0.285531 1 0.522498 0.910884 0.387419 0.967877 0.450732 1 0.396854 1
0 0.427344 0.64375 0.807813 0.7125 0.458208 0.616713 0.501101 0.558522 0.407244 0.541571 0.543614 0.595154 0.315403 0.568303 0.641675 0.928616 0.178319 0.944219 0.743344 1 0.135561 1 0.684574 0.99402 0.268606 1 0.555941 1 0.286787 1 0.519902 0.909374 0.383612 0.965788 0.445004 1 0.394706 1
0 0.428125 0.64375 0.8125 0.7125 0.456927 0.614904 0.500523 0.555826 0.406196 0.538618 0.544205 0.59337 0.3155 0.565543 0.643798 0.930198 0.177958 0.943773 0.742865 1 0.136013 1 0.681561 1 0.272076 1 0.558704 1 0.287725 1 0.521937 0.909385 0.381041 0.963422 0.443764 1 0.398095 1
